,1,2,3,4,5,6,7,8,9,10,11,12,13,14,15,16,17,18,19,20,21,22,23,24,25,26,27,28,29,30,31,32,33,34,35,36,37,38,39,40,41,42,43,44,45,46,47,48,49,50,51,52,53,54,55,56,57,58,59,60,61,62,63,64,65,66,67,68,69,70,71
1,2.15625,5.509945472702384,7.075741106644273,9.406567020341754,10.770829958841205,12.44031784683466,13.668850803747773,14.270090345293283,15.442153729498386,15.891989763826132,15.661461992189288,16.8873952049762,17.282449562102556,17.621052591130137,17.5894969496876,17.60126410983503,17.478150375187397,18.05414641276002,19.28535471856594,18.697344824671745,18.521176237612963,17.890902502462268,17.36861159466207,18.48611435852945,19.17618564143777,18.752882665023208,18.873854596167803,19.89793515764177,19.9211047552526,19.601856091991067,20.008838713169098,20.67480481415987,20.437904875725508,20.47322751954198,20.852060817182064,21.175095409154892,21.112627604976296,21.196309253573418,21.348319094628096,21.466616045683622,21.345820304006338,21.43960078433156,21.595182901248336,21.711406759917736,21.716808564960957,21.76269205659628,21.698561584576964,21.745243601500988,21.770298706367612,21.717518024146557,21.76889507099986,21.784750593826175,21.722649283707142,21.707202926278114,21.798479905351996,21.74254440329969,21.64125707373023,21.759791454300284,21.789969449862838,21.68990040384233,21.705633774399757,21.781305300071836,21.77070653066039,21.707585411146283,21.766090961173177,21.79622712917626,21.74055622331798,21.75197210907936,21.764021653681993,21.770377028733492,21.717700000852346
2,5.509945472702384,2.15625,5.5776486992836,7.151257190853357,9.067122410982847,10.68577654659748,12.221616404131055,13.055896190926433,14.387628460302949,15.272013615816832,14.945034129545093,16.531348636373878,17.27725540101528,17.615421334281564,17.770795533433557,17.71566568315029,17.85761707276106,18.17805208452046,19.230153692886233,18.753217147663236,18.40910703316331,17.69268640689552,16.750142877921462,18.146026683971286,18.957158006727695,18.29646752215922,18.517733396962285,19.750771041959524,19.89009122364223,19.56635119765997,20.069450857117772,20.645256591960788,20.564577182754874,20.644386982545257,21.161009572446346,21.337913192808628,21.280274579301476,21.335214028134942,21.531621489673853,21.59124194458127,21.48733521439135,21.604163398966193,21.69811345823109,21.740833120420575,21.747317977249622,21.77562263980508,21.719240279868245,21.772899555042386,21.786438735201955,21.724468268454075,21.794950244948268,21.787103094160557,21.750648437067866,21.77361587807536,21.822993017733097,21.784054409712553,21.69304678402841,21.804546296596527,21.795532448217273,21.757886707782745,21.743220446631312,21.80484663695097,21.795110853388906,21.76208825223148,21.79814770631492,21.7992191798985,21.768763292580843,21.771639827638865,21.80840351805091,21.789051147177815,21.7727716807276
3,7.075741106644273,5.5776486992836,2.15625,5.583102028816938,7.066718719899654,8.897410890087485,10.177872620522976,11.225949408486485,12.550855478271842,13.559758065268397,13.388730712234974,15.518503380939364,16.19916321709752,16.369107253849506,17.765865109860897,17.457121590152383,17.040182307362556,17.41016797721386,19.225149415433407,17.686732072383165,17.640189161524177,16.29459003172815,15.153245454654098,16.90479662641883,18.05034013837576,17.21301030740142,17.549695340916514,19.195532904937863,19.49673394486308,19.038957841694355,19.686279164627194,20.520068204030395,20.474396327510476,20.403456004336476,21.075660230591893,21.332995362579823,21.169206390157342,21.318617409095168,21.50667716562748,21.541672322899103,21.48969166725874,21.613102363422513,21.68722199089825,21.752592027187347,21.730690125375986,21.778119146823883,21.72927088290453,21.76362988166511,21.776666240766644,21.756494022905827,21.800470516085625,21.804091615602374,21.77367516234517,21.76560728251934,21.79734382033348,21.77818170748651,21.72662329673767,21.7781582493335,21.807215251028538,21.7405106369406,21.752538215368986,21.799953259527683,21.777080653235316,21.765091739594936,21.775255104526877,21.807842599228024,21.775420578196645,21.768534092232585,21.77539467997849,21.767254849895835,21.768033750355244
4,9.406567020341754,7.151257190853357,5.583102028816938,2.15625,5.559460503980517,7.091278763487935,8.378599934279919,9.755507716909051,11.48718187212944,12.642456209287047,12.507106153294444,14.789173550903797,15.768042743206024,16.982011226937175,17.904935985803604,18.00154602713883,17.612324841320515,17.81707738339901,19.234790936112404,18.04367514885962,17.60003747418523,15.72100686095655,14.54072424955666,16.199626479297876,17.929059982299805,17.342107566073537,17.30376060679555,19.169562995433807,19.54886393249035,19.237011110410094,19.81055792607367,20.63509187474847,20.615886950865388,20.70781421288848,21.182506177574396,21.412447035312653,21.312898451462388,21.39135811291635,21.55661472864449,21.612521555274725,21.54014707915485,21.634066516533494,21.693511022254825,21.736746771261096,21.729789819568396,21.754893843084574,21.731458427384496,21.781017687171698,21.768911864608526,21.750373765826225,21.806658757850528,21.781650533899665,21.754337940365076,21.760280398651958,21.799063386395574,21.775253808125854,21.722969451919198,21.787167090922594,21.78230263106525,21.742460330948234,21.75473731942475,21.804704131558537,21.781651386991143,21.73573107458651,21.784711487591267,21.804351883009076,21.769831659272313,21.77407597564161,21.7816776689142,21.771436866372824,21.763536186888814
5,10.770829958841205,9.067122410982847,7.066718719899654,5.559460503980517,2.15625,5.518969275057316,7.094609739258885,7.850503155961633,9.756250636652112,11.003257544711232,11.219748247414827,13.80213320814073,14.833905911073089,16.63161880709231,17.84521953947842,17.935704916715622,17.508999563753605,17.33772170357406,19.09778909943998,17.348569065332413,16.819484118372202,14.493978494778275,13.313782043755054,14.89823624305427,16.89219169691205,16.510173877701163,16.331135829910636,18.536094391718507,19.29621083289385,18.92778760381043,19.491977844387293,20.52945852652192,20.538105184212327,20.568749139085412,21.15558416582644,21.29160907678306,21.287973204627633,21.41268109343946,21.55511389300227,21.595375383272767,21.533350810408592,21.656782245263457,21.687576912343502,21.740736423060298,21.75165161676705,21.774369468912482,21.733426606282592,21.76549044251442,21.783362098038197,21.756257954984903,21.804534260183573,21.78553976304829,21.76052296347916,21.760977279394865,21.804269494488835,21.766369776800275,21.72241311520338,21.792225824669003,21.79160993359983,21.749073902145028,21.75667897053063,21.798338754102588,21.788760462775826,21.769500836730003,21.793858816847205,21.810469010844827,21.774329280480742,21.77919535152614,21.78297538496554,21.79472896642983,21.776776602491736
6,12.44031784683466,10.68577654659748,8.897410890087485,7.091278763487935,5.518969275057316,2.15625,5.505023682489991,7.197789378464222,8.12180851213634,9.269265104085207,9.925684876739979,12.758830152451992,14.202165864408016,16.363125044852495,17.677725851535797,18.017948918044567,17.682058652862906,16.900589112192392,18.876978684216738,16.65309277176857,15.822454929351807,13.305226286873221,12.245019407942891,13.876310402527452,15.898889813572168,15.898364188149571,15.519699364900589,17.738344255834818,18.84619602560997,18.59950767084956,19.309118133038282,20.42303037829697,20.514580357819796,20.665527751669288,21.229919074103236,21.412313666194677,21.294657612219453,21.449775606393814,21.619754888117313,21.616469580680132,21.5268264003098,21.661927197128534,21.70126903243363,21.762233525514603,21.77140055038035,21.77899481728673,21.742321824654937,21.76617955416441,21.79387978091836,21.765460815280676,21.81824069470167,21.79848814383149,21.775466565042734,21.78226582892239,21.806855369359255,21.780102470889688,21.73592372238636,21.80251596495509,21.810681473463774,21.771714532747865,21.76270735822618,21.81421128101647,21.793233869597316,21.778073901310563,21.784998334944248,21.806727712973952,21.791161501780152,21.788262279704213,21.788715448230505,21.79000787809491,21.789528347551823
7,13.668850803747773,12.221616404131055,10.177872620522976,8.378599934279919,7.094609739258885,5.505023682489991,2.15625,5.549048349261284,6.988554263487458,7.443169252946973,8.157773880288005,11.361300598829985,12.951179906725883,15.40995616838336,17.390074390918016,18.034997709095478,17.050983166322112,16.055688900873065,18.386400569230318,15.6437580101192,14.519650919362903,11.913681890815496,10.802470784634352,12.743628606200218,15.020182536914945,14.900782197713852,14.832938751205802,17.091316614300013,18.34771203994751,18.164985286071897,19.077507281675935,20.3806856777519,20.562738090753555,20.681367414072156,21.249814577400684,21.47251219302416,21.387492002919316,21.486324155703187,21.64480747655034,21.668480386957526,21.601238805800676,21.68689497373998,21.742449505254626,21.779323652386665,21.782982010394335,21.79111297056079,21.754154251888394,21.783991936594248,21.809629321098328,21.774667834863067,21.810907021164894,21.818518115207553,21.76800083555281,21.794205583631992,21.818053459748626,21.79797072149813,21.772085323929787,21.819839572533965,21.823041116818786,21.776533767580986,21.78924180008471,21.823091313242912,21.8070509172976,21.78537731617689,21.810445522889495,21.812078338116407,21.811937170103192,21.80648697540164,21.80060956440866,21.809860929846764,21.79360080510378
8,14.270090345293283,13.055896190926433,11.225949408486485,9.755507716909051,7.850503155961633,7.197789378464222,5.549048349261284,2.15625,5.493192566558719,7.096358431503177,6.698818700388074,10.133245825767517,11.668026566505432,14.125429011881351,16.363256691023707,17.3243355024606,15.7077930662781,14.734887160360813,17.465782165527344,14.527707854285836,13.658326098695397,11.132107330486178,10.141064334660769,11.727987805381417,14.023578274995089,13.42149837501347,13.724395798519254,16.346216378733516,17.474311439320445,17.333595629781485,18.459113504737616,20.222762683406472,20.580422243103385,20.64745090343058,21.36587256938219,21.555415730923414,21.556164545938373,21.632727168500423,21.68127404898405,21.68978824093938,21.68647514656186,21.725953318178654,21.758624775335193,21.78936300240457,21.78493359684944,21.81229198537767,21.76498875953257,21.784320682287216,21.793649395927787,21.77921120636165,21.817900002002716,21.81876160390675,21.784686405211687,21.807977851480246,21.815146116539836,21.809239991009235,21.78431974351406,21.819361554458737,21.813573708757758,21.78270880691707,21.796605709940195,21.819815803319216,21.803977271541953,21.785975029692054,21.80644235573709,21.81463802792132,21.793916266411543,21.805199932307005,21.80949591472745,21.823955668136477,21.814048966392875
9,15.442153729498386,14.387628460302949,12.550855478271842,11.48718187212944,9.756250636652112,8.12180851213634,6.988554263487458,5.493192566558719,2.15625,5.405372008681297,7.316751182079315,10.249227613210678,11.43305023573339,14.558992149308324,16.422041594982147,17.76017763465643,15.905621614307165,14.279011577367783,16.72737883962691,13.370105177164078,12.693881751969457,9.912238480523229,8.472304251044989,9.72134655341506,12.433091651648283,12.411559082567692,12.069473726674914,14.492314355447888,15.959525322541595,16.053844336420298,16.857216019183397,18.72331647016108,19.45871968381107,19.69081125408411,20.801705351099372,21.57250610552728,21.500614251941442,21.5829410944134,21.676500787958503,21.714571189135313,21.672051114961505,21.729367054998875,21.78545841947198,21.821403168141842,21.803420653566718,21.815362319350243,21.771540217101574,21.807467371225357,21.816453056409955,21.806348202750087,21.812991354614496,21.820242803543806,21.794833850115538,21.80780316516757,21.82431890256703,21.812597762793303,21.79596714861691,21.814630158245564,21.82538136653602,21.814885545521975,21.8047929815948,21.82085184007883,21.808137679472566,21.799203822389245,21.80455103330314,21.817674273625016,21.807207828387618,21.811837676912546,21.81432762928307,21.806350361555815,21.807822531089187
10,15.891989763826132,15.272013615816832,13.559758065268397,12.642456209287047,11.003257544711232,9.269265104085207,7.443169252946973,7.096358431503177,5.405372008681297,2.15625,5.6085509192198515,7.531627606600523,9.631076816469431,12.628656946122646,14.52179804444313,16.099679611623287,14.809835417196155,13.122940251603723,15.611778723075986,12.139412807300687,10.774896072223783,7.854996349662542,8.795242492109537,9.686083991080523,11.524074209854007,11.924120172858238,12.63449239358306,14.302898287773132,15.59330653399229,16.203614553436637,17.4750622715801,19.031055081635714,19.6683272626251,20.493026472628117,21.44551702402532,21.5954144988209,21.55847693234682,21.696070620790124,21.768570698797703,21.728412725031376,21.702255710959435,21.771502586081624,21.784305276349187,21.802510801702738,21.812304060906172,21.811186134815216,21.788622176274657,21.804040625691414,21.805703772231936,21.792875804007053,21.81294005550444,21.8261751960963,21.801854621618986,21.80133550427854,21.81745313666761,21.81599266640842,21.794682195410132,21.832443917170167,21.82478573359549,21.816092675551772,21.79813264682889,21.835187580436468,21.812902197241783,21.813050977885723,21.817325584590435,21.83780212327838,21.818646447733045,21.824138775467873,21.810659239068627,21.8062882181257,21.796458737924695
11,15.661461992189288,14.945034129545093,13.388730712234974,12.507106153294444,11.219748247414827,9.925684876739979,8.157773880288005,6.698818700388074,7.316751182079315,5.6085509192198515,2.15625,5.479562750086188,7.405353764072061,10.063798282295465,12.39778134226799,13.808951979503036,12.242425814270973,11.342020766809583,14.225171247497201,11.442532498389482,10.433838106691837,8.812816105782986,8.52903876081109,11.052010951563716,11.7789511885494,11.555062862113118,13.154989199712873,15.454762706533074,15.883160581812263,16.4625391010195,18.4502738006413,19.922226581722498,20.0305917263031,20.919942500069737,21.588784635066986,21.611073080450296,21.6239481754601,21.718794777989388,21.75793246924877,21.72887297347188,21.765038402751088,21.7701719943434,21.779821584001184,21.821243789047003,21.803405802696943,21.822321858257055,21.80026933737099,21.783052448183298,21.81196071393788,21.816622618585825,21.817303951829672,21.826815711334348,21.808029737323523,21.80982985906303,21.831185150891542,21.811371136456728,21.798975817859173,21.81894296966493,21.82773756235838,21.812214666977525,21.809757055714726,21.83574652671814,21.814578549936414,21.806747991591692,21.824702685698867,21.834075631573796,21.812803506851196,21.821675799787045,21.82554562203586,21.82539827004075,21.80734870582819
12,16.8873952049762,16.531348636373878,15.518503380939364,14.789173550903797,13.80213320814073,12.758830152451992,11.361300598829985,10.133245825767517,10.249227613210678,7.531627606600523,5.479562750086188,2.15625,5.638252513483167,7.474214946851134,9.517834296450019,11.124026434496045,10.464691322296858,9.57523232512176,12.36883221194148,9.951146939769387,8.556416464969516,8.225121093913913,9.474971594288945,12.264891697093844,11.232486499473453,11.09308722242713,14.019651843234897,15.64717192016542,15.245643246918917,16.564917661249638,18.888139272108674,19.661058830097318,19.5433247666806,20.75747703574598,21.486454725265503,21.508002733811736,21.499726932495832,21.67347097210586,21.762409422546625,21.757765429094434,21.74465660378337,21.781739488244057,21.803668532520533,21.80634975247085,21.822626933455467,21.820217713713646,21.795003643259406,21.790503868833184,21.820882465690374,21.805574545636773,21.81891610659659,21.809412002563477,21.801975106820464,21.81476664170623,21.82857983931899,21.818416053429246,21.81680986098945,21.827521109953523,21.821742843836546,21.8236823361367,21.822021059691906,21.828122437000275,21.826327923685312,21.808266796171665,21.814262637868524,21.834465166553855,21.821918301284313,21.810497652739286,21.821207117289305,21.825383484363556,21.808873865753412
13,17.282449562102556,17.27725540101528,16.19916321709752,15.768042743206024,14.833905911073089,14.202165864408016,12.951179906725883,11.668026566505432,11.43305023573339,9.631076816469431,7.405353764072061,5.638252513483167,2.15625,5.527353040874004,7.663601897656918,9.015671614557505,7.587231997400522,6.339264849200845,9.732483172789216,8.044485438615084,8.7260277941823,8.302629839628935,8.740428898483515,12.254018895328045,10.40391338057816,8.952478440478444,13.299003433436155,14.80873716622591,13.353117074817419,14.468452103435993,17.781947672367096,18.236440889537334,17.72142387367785,19.720497900620103,21.41207319498062,21.353810710832477,21.39575705677271,21.71724742092192,21.750931981951,21.73642518557608,21.734532145783305,21.7795902621001,21.78296204470098,21.825666714459658,21.81704641878605,21.82328292913735,21.808825086802244,21.81613565608859,21.822213292121887,21.808010568842292,21.816096195951104,21.828950414434075,21.806186214089394,21.81393626332283,21.834417475387454,21.818363385275006,21.820442074909806,21.827139360830188,21.81778640858829,21.799254812300205,21.815828381106257,21.819872796535492,21.817028341814876,21.805864840745926,21.80791878513992,21.828430868685246,21.80753600038588,21.807012166827917,21.805811937898397,21.809059962630272,21.817926075309515
14,17.621052591130137,17.615421334281564,16.369107253849506,16.982011226937175,16.63161880709231,16.363125044852495,15.40995616838336,14.125429011881351,14.558992149308324,12.628656946122646,10.063798282295465,7.474214946851134,5.527353040874004,2.15625,5.5562578570097685,6.010279972106218,6.13364827260375,7.518236802890897,10.21435166709125,10.480112759396434,10.404384853318334,11.722645565867424,12.018165059387684,15.396741222590208,13.327085288241506,12.253965370357037,16.32962990924716,18.003387063741684,16.165320375934243,17.23068950884044,20.433390226215124,20.731272246688604,19.82547947578132,21.121606251224875,21.601130612194538,21.519063163548708,21.583466712385416,21.72414123825729,21.75194333679974,21.753617400303483,21.788441345095634,21.804283710196614,21.789302432909608,21.827561063691974,21.81108476407826,21.833688843995333,21.82178484275937,21.798044700175524,21.835582084953785,21.81373410485685,21.83400965295732,21.833779191598296,21.81208473443985,21.829075323417783,21.824674297124147,21.829614335671067,21.808775497600436,21.825585655868053,21.827654777094722,21.797875618562102,21.80955984070897,21.83477406576276,21.810090040788054,21.81688541173935,21.833919566124678,21.827529286965728,21.806290559470654,21.823324600234628,21.81794648244977,21.805661527439952,21.802129371091723
15,17.5894969496876,17.770795533433557,17.765865109860897,17.904935985803604,17.84521953947842,17.677725851535797,17.390074390918016,16.363256691023707,16.422041594982147,14.52179804444313,12.39778134226799,9.517834296450019,7.663601897656918,5.5562578570097685,2.15625,5.477235306054354,7.481747288256884,7.501835931092501,8.744118053466082,10.078512916341424,10.08119498193264,12.588361943140626,13.702161896973848,16.41763580031693,13.505960170179605,12.843258621171117,17.221679901704192,18.28894727304578,15.89525980874896,17.560793232172728,20.823507383465767,20.7239683624357,19.63643512688577,21.173236414790154,21.57221842929721,21.549509765580297,21.523074159398675,21.695226022973657,21.769191805273294,21.751095162704587,21.74396069906652,21.797984309494495,21.820242531597614,21.837417729198933,21.82959104515612,21.83598802983761,21.81381127424538,21.817607283592224,21.833504643291235,21.82864592783153,21.83935626409948,21.825558457523584,21.82500185444951,21.831115502864122,21.839515421539545,21.814693842083216,21.799395451322198,21.82224935479462,21.82766390964389,21.806766217574477,21.802924061194062,21.8325033262372,21.821846144273877,21.802662020549178,21.812415117397904,21.821668749675155,21.817014442756772,21.80246275290847,21.812468230724335,21.806055715307593,21.805623099207878
16,17.60126410983503,17.71566568315029,17.457121590152383,18.00154602713883,17.935704916715622,18.017948918044567,18.034997709095478,17.3243355024606,17.76017763465643,16.099679611623287,13.808951979503036,11.124026434496045,9.015671614557505,6.010279972106218,5.477235306054354,2.15625,5.298465484753251,7.884131520986557,9.697183037176728,11.681793510913849,12.191574167460203,14.506353572010994,14.92819893360138,17.799860885366797,15.253731658682227,13.896690756082535,18.241441037505865,19.412323232740164,16.72915236093104,18.053974743932486,20.755229890346527,20.82964788004756,20.015351412817836,21.181439369916916,21.567814527079463,21.406129479408264,21.446497429162264,21.722464065998793,21.743285646662116,21.733494197949767,21.766481898725033,21.81401495821774,21.799521690234542,21.829704085364938,21.81606161221862,21.821983333677053,21.811755008995533,21.812916211783886,21.82417119666934,21.811484338715672,21.834479957818985,21.824353402480483,21.79892729781568,21.81101922132075,21.832639070227742,21.806135153397918,21.791465438902378,21.81763521209359,21.826277446001768,21.781335977837443,21.800408931449056,21.828402841463685,21.80065205693245,21.771443221718073,21.81545433215797,21.820976845920086,21.80312160216272,21.776226222515106,21.81581020914018,21.78811451792717,21.77028662338853
17,17.478150375187397,17.85761707276106,17.040182307362556,17.612324841320515,17.508999563753605,17.682058652862906,17.050983166322112,15.7077930662781,15.905621614307165,14.809835417196155,12.242425814270973,10.464691322296858,7.587231997400522,6.13364827260375,7.481747288256884,5.298465484753251,2.15625,5.303942771628499,8.163704361766577,9.577113864943385,11.13869828172028,12.521679593250155,12.247250879183412,15.732003256678581,13.34461454488337,11.16978794336319,15.559546062722802,17.316341795027256,14.628299381583929,15.435986075550318,19.50227077677846,19.662915494292974,17.95997565239668,20.376224473118782,21.56035672314465,21.29335479065776,21.339039070531726,21.746765039861202,21.774740643799305,21.749898187816143,21.778260115534067,21.80816718749702,21.816903153434396,21.838589696213603,21.831341290846467,21.846831446513534,21.823908170685172,21.81893400847912,21.83107594959438,21.83098118007183,21.82890903763473,21.826674927026033,21.813553979620337,21.836213445290923,21.840585807338357,21.82645304314792,21.808358512818813,21.827250810340047,21.823044829070568,21.80598053894937,21.808989323675632,21.823966670781374,21.8199708648026,21.794981500133872,21.817219488322735,21.811761217191815,21.80860254354775,21.812724605202675,21.80071564950049,21.808348406106234,21.801305377855897
18,18.05414641276002,18.17805208452046,17.41016797721386,17.81707738339901,17.33772170357406,16.900589112192392,16.055688900873065,14.734887160360813,14.279011577367783,13.122940251603723,11.342020766809583,9.57523232512176,6.339264849200845,7.518236802890897,7.501835931092501,7.884131520986557,5.303942771628499,2.15625,5.543067112565041,5.52071250975132,8.281257634982467,9.60118305310607,9.527527889236808,12.419145537540317,9.778320763260126,7.6571438033133745,12.108214158564806,13.557874754071236,10.85654509626329,12.158953750506043,16.42334601096809,16.367433415725827,14.960355963557959,18.042620226740837,20.505358286201954,19.96160146035254,20.1745029296726,21.67088464833796,21.775204310193658,21.727822963148355,21.785614855587482,21.815665194764733,21.82481900602579,21.848400730639696,21.83693416789174,21.83688985183835,21.836873138323426,21.83553422614932,21.837635826319456,21.830138063058257,21.84662833251059,21.83393935672939,21.835668487474322,21.8402353618294,21.842349177226424,21.83466588333249,21.820787886157632,21.83611944131553,21.835745638236403,21.817244114354253,21.82466339878738,21.83922309614718,21.83335725031793,21.805169608443975,21.820553075522184,21.84266446530819,21.826522113755345,21.816942024976015,21.812814991921186,21.829934744164348,21.8131488468498
19,19.28535471856594,19.230153692886233,19.225149415433407,19.234790936112404,19.09778909943998,18.876978684216738,18.386400569230318,17.465782165527344,16.72737883962691,15.611778723075986,14.225171247497201,12.36883221194148,9.732483172789216,10.21435166709125,8.744118053466082,9.697183037176728,8.163704361766577,5.543067112565041,2.15625,5.4279671255499125,8.606868609786034,11.001180484890938,12.208436217159033,13.721201116219163,9.701860915869474,8.776420190930367,13.406761173158884,13.32571810670197,9.749915048480034,12.466853901743889,16.34878559038043,14.77109002880752,13.540119687095284,17.62077223882079,19.5529018715024,17.9443536773324,18.836660999804735,21.61103253811598,21.74432435259223,21.516563115641475,21.792724465951324,21.826254239305854,21.834966043010354,21.83802168443799,21.834081331267953,21.844407415017486,21.827843809500337,21.83006528764963,21.847843285650015,21.817320693284273,21.830931186676025,21.842099379748106,21.8247548956424,21.83174873329699,21.84304516762495,21.83354738727212,21.81863148137927,21.8303411193192,21.828568616881967,21.809111615642905,21.82050769403577,21.82652803324163,21.819811088964343,21.811840241774917,21.82266062311828,21.825556745752692,21.82155191525817,21.7958315461874,21.82630398310721,21.809673212468624,21.802528478205204
20,18.697344824671745,18.753217147663236,17.686732072383165,18.04367514885962,17.348569065332413,16.65309277176857,15.6437580101192,14.527707854285836,13.370105177164078,12.139412807300687,11.442532498389482,9.951146939769387,8.044485438615084,10.480112759396434,10.078512916341424,11.681793510913849,9.577113864943385,5.52071250975132,5.4279671255499125,2.15625,5.530604770407081,6.543820422142744,7.911861579865217,8.93748257867992,5.217051610350609,4.724775584414601,9.281585235148668,9.415167832747102,7.464134046807885,9.911356288939714,13.035177735611796,12.589385826140642,12.464636849239469,15.690297953784466,17.553080121055245,17.006166426464915,18.4444814696908,21.121083477512002,21.752453753724694,21.76607872545719,21.811508230865,21.82665779069066,21.83651098795235,21.844404568895698,21.837763130664825,21.8351321965456,21.843702401965857,21.831881389021873,21.84048210270703,21.842585345730186,21.843330865725875,21.841193975880742,21.836842572316527,21.83890751004219,21.840836137533188,21.835405757650733,21.835923615843058,21.8452637065202,21.829362640157342,21.832841638475657,21.842181196436286,21.84674804098904,21.83705772086978,21.831454819068313,21.82564575597644,21.83555738814175,21.822622373700142,21.818101873621345,21.839529767632484,21.837674140930176,21.825812680646777
21,18.521176237612963,18.40910703316331,17.640189161524177,17.60003747418523,16.819484118372202,15.822454929351807,14.519650919362903,13.658326098695397,12.693881751969457,10.774896072223783,10.433838106691837,8.556416464969516,8.7260277941823,10.404384853318334,10.08119498193264,12.191574167460203,11.13869828172028,8.281257634982467,8.606868609786034,5.530604770407081,2.15625,5.005312567576766,9.04761365428567,9.198065225034952,6.267898282036185,8.710268080234528,12.101632764562964,11.734225368127227,11.151457145810127,14.297324435785413,16.52332433499396,16.215524034574628,17.00030735693872,20.007656207308173,21.285732213407755,21.157169045880437,21.66163112036884,21.804848922416568,21.82397753931582,21.82439124584198,21.828742060810328,21.824203077703714,21.826849630102515,21.833807811141014,21.837811581790447,21.850059039890766,21.827317601069808,21.827509358525276,21.831401742994785,21.845378888770938,21.83809646219015,21.83936376683414,21.83538585342467,21.829617267474532,21.833233695477247,21.84899595938623,21.842309152707458,21.839936902746558,21.84227952733636,21.84213007800281,21.827869141474366,21.841625014320016,21.8248601667583,21.829321978613734,21.836880154907703,21.830396899953485,21.827035445719957,21.826587734743953,21.8293488714844,21.836506616324186,21.826973158866167
22,17.890902502462268,17.69268640689552,16.29459003172815,15.72100686095655,14.493978494778275,13.305226286873221,11.913681890815496,11.132107330486178,9.912238480523229,7.854996349662542,8.812816105782986,8.225121093913913,8.302629839628935,11.722645565867424,12.588361943140626,14.506353572010994,12.521679593250155,9.60118305310607,11.001180484890938,6.543820422142744,5.005312567576766,2.15625,5.357874823734164,5.0851658917963505,5.141084427013993,7.106473991647363,8.971822200343013,9.513147922232747,10.607591211795807,12.655904315412045,14.167194224894047,15.167669562622905,16.399359699338675,18.428696539252996,19.826263705268502,20.663336291909218,21.750535828992724,21.7995616607368,21.83264314569533,21.82588686235249,21.820831837132573,21.843884265050292,21.829658657312393,21.834889540448785,21.831914087757468,21.851165702566504,21.84351959452033,21.826884685084224,21.851398296654224,21.84177115559578,21.851404013112187,21.83462597616017,21.840924995020032,21.83639352209866,21.83271423354745,21.839922258630395,21.848732367157936,21.83956564590335,21.840344604104757,21.84069912880659,21.83637266792357,21.838992772623897,21.829230949282646,21.830020429566503,21.82881528325379,21.846797790378332,21.83901122957468,21.827003683894873,21.827174082398415,21.839048760011792,21.83016445301473
23,17.36861159466207,16.750142877921462,15.153245454654098,14.54072424955666,13.313782043755054,12.245019407942891,10.802470784634352,10.141064334660769,8.472304251044989,8.795242492109537,8.52903876081109,9.474971594288945,8.740428898483515,12.018165059387684,13.702161896973848,14.92819893360138,12.247250879183412,9.527527889236808,12.208436217159033,7.911861579865217,9.04761365428567,5.357874823734164,2.15625,5.42265697941184,7.282583249732852,5.639154640957713,6.3197116162627935,9.686089063063264,10.731663919985294,10.530690668150783,12.515572268515825,15.069836603477597,15.427395517006516,16.32359455153346,18.702539147809148,20.262310596182942,20.881131909787655,21.756247632205486,21.809108005836606,21.824167983606458,21.835293367505074,21.83400729857385,21.8341020680964,21.838474925607443,21.83802972175181,21.851097833365202,21.841610193252563,21.84607751481235,21.833457581698895,21.838731357827783,21.83471436984837,21.838737728074193,21.838930282741785,21.835669469088316,21.831319911405444,21.837859755381942,21.843690238893032,21.83643906004727,21.836407566443086,21.830545753240585,21.842129074037075,21.836638659238815,21.830413879826665,21.838498638942838,21.843835204839706,21.845430990681052,21.840524865314364,21.841146547347307,21.83977816812694,21.82483422383666,21.821247277781367
24,18.48611435852945,18.146026683971286,16.90479662641883,16.199626479297876,14.89823624305427,13.876310402527452,12.743628606200218,11.727987805381417,9.72134655341506,9.686083991080523,11.052010951563716,12.264891697093844,12.254018895328045,15.396741222590208,16.41763580031693,17.799860885366797,15.732003256678581,12.419145537540317,13.721201116219163,8.93748257867992,9.198065225034952,5.0851658917963505,5.42265697941184,2.15625,5.356806430965662,7.261137165129185,5.8374719843268394,6.461400534957647,9.637996980920434,10.838097989559174,10.761241614818573,12.76865204051137,14.871375793591142,15.862879764288664,16.755982786417007,18.75341268070042,20.563021132722497,21.2746721226722,21.7865657415241,21.828040787950158,21.82331025414169,21.839998438954353,21.841048212721944,21.84059833548963,21.839619798585773,21.83187926746905,21.845335103571415,21.842931726947427,21.831537436693907,21.84700739197433,21.831336395815015,21.834513878449798,21.827839013189077,21.836135108023882,21.832889337092638,21.84022161178291,21.83427440188825,21.837520068511367,21.841632056981325,21.833052214235067,21.83012878894806,21.83922991156578,21.832971934229136,21.826635401695967,21.83144785091281,21.83129271119833,21.828526938334107,21.82695994526148,21.826585698872805,21.820552738383412,21.836846716701984
25,19.17618564143777,18.957158006727695,18.05034013837576,17.929059982299805,16.89219169691205,15.898889813572168,15.020182536914945,14.023578274995089,12.433091651648283,11.524074209854007,11.7789511885494,11.232486499473453,10.40391338057816,13.327085288241506,13.505960170179605,15.253731658682227,13.34461454488337,9.778320763260126,9.701860915869474,5.217051610350609,6.267898282036185,5.141084427013993,7.282583249732852,5.356806430965662,2.15625,5.327152529731393,7.314356496557593,5.876820081844926,6.384072948247194,9.674970438703895,10.91881200671196,10.813321692869067,12.460459027439356,15.069097645580769,15.947888491675258,16.45305693335831,18.720376348122954,20.552934953942895,21.310764484107494,21.782429434359074,21.811311937868595,21.837945291772485,21.842873323708773,21.848130417987704,21.838003953918815,21.833679681643844,21.829496890306473,21.84733920544386,21.839332155883312,21.843363769352436,21.842949913814664,21.846151499077678,21.84930802322924,21.83018146455288,21.838318593800068,21.84746796824038,21.83749078772962,21.84290737658739,21.849115051329136,21.84377715550363,21.827315744012594,21.84587070532143,21.839924531057477,21.825619565322995,21.843052161857486,21.83749389462173,21.841490490362048,21.833496518433094,21.836687685921788,21.824005069211125,21.811069563031197
26,18.752882665023208,18.29646752215922,17.21301030740142,17.342107566073537,16.510173877701163,15.898364188149571,14.900782197713852,13.42149837501347,12.411559082567692,11.924120172858238,11.555062862113118,11.09308722242713,8.952478440478444,12.253965370357037,12.843258621171117,13.896690756082535,11.16978794336319,7.6571438033133745,8.776420190930367,4.724775584414601,8.710268080234528,7.106473991647363,5.639154640957713,7.261137165129185,5.327152529731393,2.15625,5.309835867956281,7.288233986124396,5.721531219780445,6.252575779333711,9.663739446550608,10.90312716178596,10.4688739515841,12.511989571154118,15.02712363190949,15.563650522381067,16.352424450218678,18.606411857530475,20.496760534122586,21.042290445417166,21.768190763890743,21.828922513872385,21.83410686068237,21.848372869193554,21.839804301038384,21.834554931148887,21.846294958144426,21.829223779961467,21.838883489370346,21.831510927528143,21.841206030920148,21.846679028123617,21.844452884048223,21.846027847379446,21.8352019675076,21.84539561904967,21.836556788533926,21.84679632820189,21.84263088554144,21.842652888968587,21.829768551513553,21.82857209444046,21.837271681055427,21.82359803840518,21.84156334400177,21.8253808375448,21.82778616808355,21.82909555733204,21.8291096650064,21.817841164767742,21.835265696048737
27,18.873854596167803,18.517733396962285,17.549695340916514,17.30376060679555,16.331135829910636,15.519699364900589,14.832938751205802,13.724395798519254,12.069473726674914,12.63449239358306,13.154989199712873,14.019651843234897,13.299003433436155,16.32962990924716,17.221679901704192,18.241441037505865,15.559546062722802,12.108214158564806,13.406761173158884,9.281585235148668,12.101632764562964,8.971822200343013,6.3197116162627935,5.8374719843268394,7.314356496557593,5.309835867956281,2.15625,5.365289559587836,7.263823242858052,5.775013348087668,6.390633847564459,9.76510863006115,10.647521894425154,10.696727307513356,12.669095866382122,14.952337983995676,15.795212280005217,16.506041569635272,18.827891306951642,20.533579906448722,21.142537152394652,21.79706527851522,21.823348622769117,21.84039675630629,21.828001148998737,21.835911678150296,21.83334256336093,21.829937025904655,21.838602839037776,21.830124378204346,21.839544335380197,21.83983377367258,21.84598488174379,21.8425221927464,21.83450416661799,21.841504737734795,21.832419319078326,21.84079049900174,21.843148551881313,21.840090027078986,21.832928953692317,21.84026687592268,21.83612093888223,21.827326668426394,21.84513794258237,21.84770587645471,21.842113953083754,21.84156779013574,21.837853725999594,21.8305129352957,21.835503671318293
28,19.89793515764177,19.750771041959524,19.195532904937863,19.169562995433807,18.536094391718507,17.738344255834818,17.091316614300013,16.346216378733516,14.492314355447888,14.302898287773132,15.454762706533074,15.64717192016542,14.80873716622591,18.003387063741684,18.28894727304578,19.412323232740164,17.316341795027256,13.557874754071236,13.32571810670197,9.415167832747102,11.734225368127227,9.513147922232747,9.686089063063264,6.461400534957647,5.876820081844926,7.288233986124396,5.365289559587836,2.15625,5.343388691544533,7.360098594799638,5.846336914226413,6.5310465805232525,9.718881469219923,11.039706606417894,10.961940262466669,12.687365502119064,15.22118516266346,16.022824689745903,16.7878906596452,18.94490614719689,20.690789822489023,21.444915425032377,21.826652884483337,21.831961572170258,21.831603199243546,21.84386177174747,21.846331862732768,21.827661138027906,21.84324224293232,21.84035748615861,21.843446979299188,21.842421539127827,21.848390515893698,21.848650647327304,21.839791148900986,21.830909164622426,21.84225694462657,21.847765412181616,21.848221288993955,21.831337483599782,21.826809033751488,21.84859773516655,21.83536046370864,21.82979608885944,21.841243794187903,21.834704572334886,21.838160045444965,21.83613358438015,21.832186149433255,21.83622855693102,21.82415953837335
29,19.9211047552526,19.89009122364223,19.49673394486308,19.54886393249035,19.29621083289385,18.84619602560997,18.34771203994751,17.474311439320445,15.959525322541595,15.59330653399229,15.883160581812263,15.245643246918917,13.353117074817419,16.165320375934243,15.89525980874896,16.72915236093104,14.628299381583929,10.85654509626329,9.749915048480034,7.464134046807885,11.151457145810127,10.607591211795807,10.731663919985294,9.637996980920434,6.384072948247194,5.721531219780445,7.263823242858052,5.343388691544533,2.15625,5.309245102107525,7.30620920099318,5.770568871870637,6.256748836487532,9.684534791857004,10.850717410445213,10.44331244006753,12.494514964520931,14.932987989857793,15.70737106539309,16.445609824731946,18.629455130547285,20.473912697285414,21.458881666883826,21.828432772308588,21.834773110225797,21.830448197200894,21.836287036538124,21.82659742794931,21.832040183246136,21.823135893791914,21.840499421581626,21.836878057569265,21.82460768148303,21.8418824467808,21.84798659197986,21.838221181184053,21.82728561758995,21.825390627607703,21.828009525313973,21.816929422318935,21.81387586146593,21.825430115684867,21.839807415381074,21.80190036073327,21.832574021071196,21.834127441048622,21.82493533939123,21.836050171405077,21.82427910529077,21.834370175376534,21.82987257093191
30,19.601856091991067,19.56635119765997,19.038957841694355,19.237011110410094,18.92778760381043,18.59950767084956,18.164985286071897,17.333595629781485,16.053844336420298,16.203614553436637,16.4625391010195,16.564917661249638,14.468452103435993,17.23068950884044,17.560793232172728,18.053974743932486,15.435986075550318,12.158953750506043,12.466853901743889,9.911356288939714,14.297324435785413,12.655904315412045,10.530690668150783,10.838097989559174,9.674970438703895,6.252575779333711,5.775013348087668,7.360098594799638,5.309245102107525,2.15625,5.381976859644055,7.275225335732102,5.531714171171188,6.342905078083277,9.687678756192327,10.6767055131495,10.557948371395469,12.475207732990384,14.964172499254346,15.667784705758095,16.363645220175385,18.620209412649274,20.722337499260902,21.80973958224058,21.841670215129852,21.83781523257494,21.8293144851923,21.817278914153576,21.846317119896412,21.823690557852387,21.838236443698406,21.82530809752643,21.839602379128337,21.843021789565682,21.84320521913469,21.83252261020243,21.833079505711794,21.83476061373949,21.83548135869205,21.824529377743602,21.82168174535036,21.83548505604267,21.829548239707947,21.822966922074556,21.84357102587819,21.83556856215,21.828293370082974,21.82910586334765,21.838163524866104,21.81910526379943,21.823258774355054
