,1,2,3,4,5,6,7,8,9,10,11,12,13,14,15,16,17,18,19,20,21,22,23,24,25,26,27,28,29,30,31,32,33,34,35,36,37,38,39,40,41,42,43,44,45,46,47,48,49,50,51,52,53,54,55,56,57,58,59,60,61,62,63,64,65,66,67,68,69,70,71
1,0.0,0.41779879698609473,1.102060616603516,1.9379029221486137,2.7726452653256084,3.030486952636911,3.481520404847458,3.8536080293049135,3.962289992432132,4.204813685859894,4.211327026655115,4.28487705817072,4.094697389601688,4.3679814405906265,3.9651664052376816,4.376241270751942,4.271560833072514,3.822432733284217,2.7980113608195585,3.1511820669262005,3.487807250139443,3.7518441284310526,4.025464828460702,3.6749872976663,3.041771851104745,3.383065668426796,3.6172089699058163,2.751805727844002,2.369092100916769,2.8795400351486986,2.5643083929787456,1.878566712919666,1.8519958187948844,2.0372998767721415,1.5574085829886057,1.0916007554664664,1.2648992191408865,1.252946498861997,0.9694644149208327,0.8406993546098532,0.9641068557436472,0.8601459298524115,0.698014198830337,0.5428314406676474,0.5903460930651142,0.5126333217287679,0.6517921177655784,0.5594285769153313,0.38661371651945464,0.4773772261068483,0.3298568167888553,0.40928647412527847,0.5583115020055774,0.6122777404260158,0.3284547141101912,0.5643991922156044,0.7699725376308104,0.5593886518326454,0.43669161279894647,0.7571439776683883,0.8447370575511498,0.5197275221855712,0.6252046186345955,0.8991416833096012,0.8149237558302388,0.5459959270721529,0.8392348425582606,0.9898238523510913,0.7550198622543041,0.7420119118675438,0.9361667164166414
2,0.41779879698609473,0.0,0.47366554166115454,1.1328429751630544,2.0921664535920548,2.559617527896314,2.784514976824692,3.190897288791065,3.6655244109039176,3.8242780944152637,3.9260527156276903,4.138102323295745,3.993597837401604,4.1696139343655645,3.845759695188289,4.067401259190623,4.07585227299828,3.658838257144814,2.7910825545393547,3.1890554307643955,3.6921284774971292,3.714442843574598,3.915584960002796,3.6796518648060035,3.106317706359967,3.282035628260615,3.6550993084408767,2.817316491196058,2.402803963488895,2.7786864934526068,2.6108911990732873,1.9381232055146418,1.7769094418507363,1.9937006357070897,1.403684857503647,1.0204850803828724,1.0661868012863118,1.0954918612247297,0.790881608676611,0.6741064751097197,0.8407465261701617,0.6516247308208887,0.5879424438520625,0.4334707912498338,0.4898050872196378,0.444369372297306,0.540695701252025,0.48497649582390007,0.3595695513847812,0.49314041136153947,0.31118255670864375,0.3791206804784607,0.44806036421816614,0.4779918276644663,0.29125785525970743,0.4245554674998077,0.601158381275153,0.5086963368325804,0.37876157342602124,0.584021868143148,0.6500556885300927,0.4565664111523101,0.5530172987889762,0.748659861192572,0.6679791640536656,0.4925962404786008,0.6852173171967856,0.8189053128072886,0.6406737261355702,0.6349762869710953,0.7622720025999794
3,1.102060616603516,0.47366554166115454,0.0,0.4177581874552315,1.1088693249110548,2.150148716266154,2.5980045859825553,2.9071470864220172,3.0934676744463094,3.6150077715046596,3.904940749319905,4.293070595356399,4.245168669276881,4.399656802176739,3.957281416108645,4.367682153439957,4.426425524215485,4.100628307591124,2.7359892631894986,3.5098510249342665,3.978256641849057,3.8619745559646046,3.9786364314499107,3.8814387963656483,3.596104875444153,3.780556944911058,3.8951220812374245,3.184175943736939,2.6747243477819618,3.0081734216146363,2.523778584596361,1.7673240053559687,1.8381097928460437,2.008644655142993,1.3729390517379347,1.0376714432857275,1.087290387500448,1.077160306798886,0.718429507953582,0.5758833263565989,0.7640833422395196,0.5985288930635254,0.5371276223285981,0.4078390110238551,0.45280877254495855,0.3927103681224205,0.5245744854616876,0.4451420583264868,0.31579926031606664,0.46764145814725006,0.2583319488774395,0.30715564807242624,0.3645215553357629,0.3931103316092915,0.2705933921128451,0.3834527118351223,0.547596526572479,0.43227257804650443,0.31414411864359204,0.553088139188837,0.5604799165880678,0.39598434717287745,0.4982981670755333,0.6766872785498265,0.5457328600756681,0.4452002702566685,0.6078189978110498,0.7852958717782119,0.6213038569832237,0.6380637989387563,0.6570884297986853
4,1.9379029221486137,1.1328429751630544,0.4177581874552315,0.0,0.4221093547450615,1.1771011775780942,2.3803186548562856,2.7635761151599034,2.929903806667552,3.211377179744435,3.6026666892779993,3.807960093512633,3.790506579163639,4.122101079636867,3.9212654230737356,3.8840896228014614,4.144987745418788,3.796754027972519,2.9104007813489723,3.4675703393104027,3.896077468998366,3.6374187936381777,3.829168049932452,3.792333742435009,3.439534738400493,3.4753311935561646,3.7009054769601417,3.105625756173475,2.59479654919442,2.9360836509687527,2.659411093993752,1.9085772460190291,1.861880439339898,1.895856495286219,1.2800566081750668,0.9647148135724486,0.9957674715487186,0.8969088123556999,0.6799953735525419,0.5353057419009712,0.7213702314287961,0.5599044727863336,0.5275494615613585,0.40983300196987765,0.4522469699852542,0.41782167791845104,0.5015055810869681,0.4384747517454028,0.3665486223184978,0.4845275222167041,0.2970388453166317,0.3676847532605827,0.424726071403388,0.4174956145627186,0.2819310583494214,0.4281144289146316,0.5836374487190941,0.4518349759862532,0.357972961867388,0.5828759163397409,0.5960967500724099,0.41850788586466403,0.5249528687392879,0.7158323715415468,0.6211598246466913,0.44531455531693664,0.6269658574707716,0.8136833503731802,0.621003651905858,0.5838071826961302,0.740014322308029
5,2.7726452653256084,2.0921664535920548,1.1088693249110548,0.4221093547450615,0.0,0.43492685193686653,1.1815732517685904,2.406494236180884,2.689225269795771,2.924429521927796,3.4252460912034692,3.522916719853968,3.6582421641237066,4.1111490186291135,3.8633515635937634,3.896680544039132,4.0054369934333725,3.678742279282134,2.9641219157252077,3.428419150559929,3.7029183329173514,3.5228265680974764,3.8805355591098603,4.072978181968826,3.5170450669760456,3.5312410721727034,3.963862341514658,3.3776529021616843,2.8533129774320267,3.1734485564936055,2.9374737345418036,2.04878916338456,1.8963021107603026,1.9996241754631903,1.3437340963855382,0.9967970537239289,1.0474955322177668,0.8976876315177035,0.6411461355991963,0.5454076851148768,0.7389386635816718,0.4985702130588484,0.4869605951567542,0.35215057155033586,0.38546253288568844,0.35392047709170665,0.4597748702569784,0.4297450528635916,0.3348083881830428,0.471756778404405,0.3009522794861532,0.3430794660187807,0.43763934561559203,0.4617771842154822,0.2604037901670625,0.40567884259380543,0.5631512243030989,0.4345036118518967,0.3389153608320795,0.5267231418102769,0.5642843175589706,0.3726001068122592,0.4683893986962564,0.6700379270057838,0.5557592639232226,0.4056639970366989,0.5690978963210682,0.7183596043206669,0.5725207780522578,0.5776493428780403,0.7040131095877493
6,3.030486952636911,2.559617527896314,2.150148716266154,1.1771011775780942,0.43492685193686653,0.0,0.4012056586333267,1.0075016644945014,2.357178525856778,2.9072275725727743,3.0916601147261,3.068925152209231,3.167312385182816,3.7615117850525532,3.8811326842001335,3.7556390012210255,3.736366725467515,3.442144314104234,3.1185987404890847,3.1362897246499903,3.6832792692100993,3.597004047829029,3.704586982002453,4.294267001425172,3.6160941939740567,3.2237254467696457,3.7973019978657216,3.5299207990016828,2.8999504896373915,3.007192138319748,2.8427645875197936,1.9793058396792227,1.8305158311992462,1.8540222577835859,1.2089557734413758,0.8333406880484873,0.969706804330599,0.8370099953215414,0.5382025016752215,0.4626205656916028,0.6558695703659831,0.4442989339606459,0.4251799454307194,0.31331505447092406,0.3406590967876183,0.3339932168436741,0.4187600877062942,0.37897537192035385,0.3288352865941203,0.44300884568984233,0.2693136466814405,0.29825732323726195,0.40515963392356674,0.43519249459376014,0.23538947489167866,0.36176964767939646,0.5301669351556211,0.3683165937256736,0.27630164601066726,0.48784336764858877,0.5411303162142852,0.30819843950066206,0.3808529530749225,0.6401929612398558,0.501574391339011,0.3387841250196655,0.4918270422885527,0.6603222344319343,0.502033908172962,0.5440047509364369,0.6740714448679049
7,3.481520404847458,2.784514976824692,2.5980045859825553,2.3803186548562856,1.1815732517685904,0.4012056586333267,0.0,0.41646035996862557,1.1191899953798188,2.303482898808266,2.774648572650955,2.6388282239759002,2.6928209830472425,3.3700848037769324,3.7728625870567853,3.4361842132091187,3.3976351769084725,2.901170811280977,3.2109878548603925,2.690549828461643,3.378515484684761,3.3750290295796015,3.5497782862786504,4.030375499880568,3.3150584826435843,2.866507809514064,3.3737065247046343,3.1047539802018687,2.640674151476527,2.66583857622706,2.5080140437603053,1.8727413311710344,1.7028305497346987,1.5804758954084979,1.0228922948967638,0.7317176760721693,0.8044751418798006,0.6744721979934877,0.48103043975746806,0.38092223113793233,0.5462318453459032,0.425723115061513,0.4171288709024102,0.3122828159861557,0.34863560945031175,0.33098136721252147,0.40213206999075185,0.3838639439852417,0.3175732775622977,0.46282133964373606,0.27642458120097385,0.3098301254627643,0.3617628318615071,0.42124255964305674,0.24128705654728566,0.36010190029586614,0.4854921540988496,0.34281852907494603,0.2804755457556175,0.4454946562983377,0.47439286307895484,0.2992936443062002,0.38278221957043745,0.5524910950662995,0.4712775764724513,0.3195970070728915,0.4817791733042373,0.6137341937350896,0.46305260904337975,0.4963689961595312,0.6161025846536431
8,3.8536080293049135,3.190897288791065,2.9071470864220172,2.7635761151599034,2.406494236180884,1.0075016644945014,0.41646035996862557,0.0,0.3938723317478199,1.0545175259757837,2.2610323953342393,2.1685737518180312,2.3494600029616444,2.943574284790123,3.40933989418867,3.211747650941183,3.092498381713487,2.6472270874279467,2.966802447092315,2.579172542555121,3.1960650482555293,3.6398411707251266,4.017931872955766,4.081578433686188,3.1523464139938193,2.9798353594018887,3.6869082476342396,3.0614479812946556,2.4966775295595873,2.7808781089839907,2.6016481207744646,1.7580867581495772,1.4816060517352847,1.5306258960033208,0.8036386669484151,0.5159457945303562,0.5927668414063884,0.4744251807138605,0.33571266202056765,0.33169020896521423,0.443132543282487,0.3282202211703582,0.30384351438816803,0.24369167887827606,0.27551167761013073,0.2581625459808988,0.33737991693992203,0.3215265991929851,0.25553829768320435,0.4006635449903625,0.2385273869391106,0.26400818831273515,0.29949136375601143,0.3421433801727759,0.20411887170547616,0.2890264578189099,0.36223920128697834,0.28692293374164485,0.23622887889434438,0.3321778579713595,0.39380892672089246,0.26183570042699433,0.3113118456788656,0.4304293332108731,0.38448947194176897,0.28253067367136314,0.3754371420282761,0.5031363350171854,0.41653053677298296,0.43207932895909085,0.5470502571098029
9,3.962289992432132,3.6655244109039176,3.0934676744463094,2.929903806667552,2.689225269795771,2.357178525856778,1.1191899953798188,0.3938723317478199,0.0,0.40310869320176596,0.8540776280356639,1.6910037018922024,1.9331635021083855,2.561143872336698,3.040910962408128,3.0071426049112686,2.7568423218931786,2.490197945991108,2.574052535566608,2.731345365770206,3.0227700585994217,3.8640227035858175,4.152352742623455,5.2896690098803445,3.7828106913108854,3.466635542703191,4.514178181049132,4.239581738457358,3.230504142752557,3.4472886890158394,3.4485899182584117,2.3684355489504942,2.0124112219029087,1.999740555163503,1.3140310433149605,0.5846713746832887,0.727230668989474,0.5491250227385227,0.3595139231168963,0.3789783216298201,0.48459151248744214,0.3461463771500036,0.2705764440816963,0.24012745836041832,0.26665054158364876,0.2250274926707726,0.3557582967541881,0.3029891464928099,0.2621814258390996,0.33189032670312857,0.2310129201791242,0.23957281292766033,0.2680496573008565,0.31408417257781357,0.20196131234005957,0.2880826443235044,0.3122254317324817,0.29144493602402904,0.24334858628411668,0.3375916250551125,0.38462250021440836,0.27240872396451327,0.3080452088047825,0.4306956870698991,0.40029191706093664,0.2653568787702044,0.34621228520520303,0.5054956357449797,0.35678080579641797,0.3507676512209203,0.4256495699439623
10,4.204813685859894,3.8242780944152637,3.6150077715046596,3.211377179744435,2.924429521927796,2.9072275725727743,2.303482898808266,1.0545175259757837,0.40310869320176596,0.0,0.3927014381545511,1.033689400009139,1.5672079273614858,2.6246258007346377,2.7385214877770996,3.0234558836904992,2.6000270324862504,2.046758580253553,2.2809184600160473,2.235131284333295,3.2153941088138347,4.1797513504799015,3.579396670705572,4.9453520540099305,3.8093916087822635,2.614594895489779,3.3461290087580977,3.503681064872009,2.6212024518174206,2.364275257756084,2.516225586849277,1.9020462997832348,1.5556127557197494,1.3217138644682986,0.6622295120338288,0.4451709096552758,0.5533498632295091,0.3816952052600796,0.2984324400192953,0.31924479257129473,0.4230647931270807,0.28722861228415464,0.26511865267145157,0.23014574951209868,0.25247076211089403,0.24558776342845565,0.32284941770297126,0.2849782211547145,0.24395886717190016,0.3036922085832173,0.20017216880797714,0.20436917543315242,0.23775297390506292,0.25661783930176113,0.16293050467338963,0.20080452252155503,0.26310148070386835,0.22378358389182026,0.18375696514314022,0.23603713676201016,0.32276355626169045,0.19286389801475587,0.23339089917328582,0.31708166026659407,0.2908823011827544,0.21625522546274548,0.2859083768929545,0.3997715887404298,0.32719550951524473,0.35570253059639584,0.44022487965937446
11,4.211327026655115,3.9260527156276903,3.904940749319905,3.6026666892779993,3.4252460912034692,3.0916601147261,2.774648572650955,2.2610323953342393,0.8540776280356639,0.3927014381545511,0.0,0.39872380725418227,0.8725479154714589,1.3703537905229461,2.483250438175652,2.0213894245146697,2.0588698760572997,1.692266096047771,2.0551981517984568,1.991583089036048,3.1780394809779033,3.572918143826805,3.3743651870857336,3.712292963016039,2.8286667752251047,2.4907336955516612,2.904983605028971,2.473741526697222,1.9196038566243327,1.9877303357598004,2.020083011851842,1.4165013059286762,1.3628346585883544,1.089516882178816,0.4048687668332487,0.33344997465477444,0.45474473614153477,0.29141912568884526,0.22846190117674833,0.25989048120702446,0.33621175969180794,0.24397297063702883,0.23077751523922324,0.177136117069966,0.22832592838744012,0.2064214649696334,0.2772025164716284,0.3124742994606806,0.23759618750260766,0.28906573864111484,0.19024980261117538,0.2100599592372353,0.24271852945754802,0.2615748616959413,0.1595925340381996,0.21686082671835752,0.25259452330124266,0.2460399599355177,0.19591213010022554,0.23820498057931083,0.2977187120546793,0.21881588746735356,0.24624767312968623,0.3363984173499324,0.3077296423245331,0.22828895298866622,0.33438884285579246,0.4226765903634194,0.3218821828792913,0.3453572204968075,0.4428397596988898
12,4.28487705817072,4.138102323295745,4.293070595356399,3.807960093512633,3.522916719853968,3.068925152209231,2.6388282239759002,2.1685737518180312,1.6910037018922024,1.033689400009139,0.39872380725418227,0.0,0.3205227067161729,0.8951397336742982,1.6206743054101929,2.0265832085340354,2.3563541295066694,2.169947960752362,2.103415752624421,2.496494369665764,3.2516997642071286,3.6807866776200595,3.143354144572698,3.1677535732791258,2.7758615842099568,2.6890136631050763,2.4627529659533427,2.1160161830559296,2.0823144948340895,2.099581238575632,1.7476881748936277,1.497240115050997,1.8625865168442375,1.3518073738464471,0.5320266871847781,0.49791699224698494,0.6249637841432173,0.4303698682008558,0.28336458417289345,0.265072870984235,0.37625729204816705,0.2905508698907457,0.2607365073036982,0.22634711154422016,0.24556350218968873,0.2355221616616704,0.2875037502327951,0.2938388431632795,0.24281864637780953,0.2900925548243335,0.2274565283189461,0.2126382242790198,0.2494981594031436,0.2687591612881061,0.17109724744680196,0.20926281370149438,0.28781323265475756,0.26334853112504364,0.2063028558564946,0.25982549554266493,0.3536427676506985,0.22207977649608623,0.26097696527336517,0.33894619391201414,0.3191467100531083,0.23872718239722954,0.32804816585073343,0.4320589629934983,0.34243225274037425,0.377880361750318,0.48325875080663994
13,4.094697389601688,3.993597837401604,4.245168669276881,3.790506579163639,3.6582421641237066,3.167312385182816,2.6928209830472425,2.3494600029616444,1.9331635021083855,1.5672079273614858,0.8725479154714589,0.3205227067161729,0.0,0.3317529336139071,0.8400978670449541,1.259793345087981,1.8987562919706102,3.016509495948248,2.2638588171099214,3.14901420987719,3.039430825938977,3.310354818271171,3.445172998885305,3.1068007306989616,2.9268340466088465,3.012632617880898,3.0934957543080706,2.564049416158387,2.6533313775321385,2.6944535423828566,2.0626844943445475,1.853636946273767,2.041846526786284,1.5213238322611662,0.5533625803798838,0.6574966959342635,0.8407377035020422,0.3006032756495535,0.21724446331220276,0.3437439850333143,0.36447638535690535,0.2311720865480166,0.27786689266747316,0.18121295252394964,0.21247521616523565,0.19172253881523457,0.22434910033077612,0.212419082046688,0.20199129840328198,0.2512925761763363,0.19497097347147277,0.16231926290691365,0.20761896112569517,0.2524504537661197,0.14703845985919653,0.206431922903146,0.2661240200385641,0.25706700076888866,0.20402385064776904,0.3179515817788421,0.3807934956482704,0.23570073990302387,0.2781587240544608,0.39810650690755894,0.32860561834573626,0.23671672778676608,0.35876326749638193,0.4301112789437025,0.36053682891401284,0.3529497013710977,0.4528099446058562
14,4.3679814405906265,4.1696139343655645,4.399656802176739,4.122101079636867,4.1111490186291135,3.7615117850525532,3.3700848037769324,2.943574284790123,2.561143872336698,2.6246258007346377,1.3703537905229461,0.8951397336742982,0.3317529336139071,0.0,0.23869897565811762,1.0299238420866303,1.8754619772107852,2.040238884215779,1.5167020746790782,1.8911743929167,2.503667731410494,2.56077006493425,2.4289652770175443,1.8997914335848576,1.83306527291302,2.0330732347037728,1.795675430401686,1.643640034153091,1.7555500760205671,1.7915912752664154,1.2237702537596369,1.1428687123617671,1.4855473112522417,0.9523935548810885,0.37819137957261634,0.5443084038399285,0.5826178058869007,0.3076698227047603,0.2756228724694562,0.3685544433098181,0.3060531958465638,0.2278684616695717,0.26505297127914085,0.19422178669082965,0.2712664621319546,0.18834423307249318,0.23248265239231147,0.28326025627124846,0.2025378886254629,0.2811727336579415,0.17479921536531023,0.18502169896174978,0.2429255103658383,0.23820906197178307,0.16176703469566958,0.21302434723082916,0.3232010244771767,0.2409350422427642,0.20663381058251043,0.3064400723734865,0.39079953797798955,0.22662731475222844,0.27417176125349585,0.4253532359154315,0.3344524211973152,0.26737099851682217,0.3655444231008449,0.4967868565879173,0.41225638825274236,0.43448437680473534,0.5045021421344608
15,3.9651664052376816,3.845759695188289,3.957281416108645,3.9212654230737356,3.8633515635937634,3.8811326842001335,3.7728625870567853,3.40933989418867,3.040910962408128,2.7385214877770996,2.483250438175652,1.6206743054101929,0.8400978670449541,0.23869897565811762,0.0,0.28435354566781884,0.6296939955062683,1.1677775280897882,1.6881834423613187,1.6401417196855475,2.3154033808773944,1.9554479485985832,1.8437417480942064,1.7111679001361697,1.8133282087615137,1.6047371545994473,1.5170615235160156,1.5400152351534344,1.6102863506290757,1.592018342741531,1.1284126761893205,1.114196130504584,1.4556384958466526,0.9499996805598924,0.4234076557885591,0.5970450886371094,0.6427077853065073,0.35295468595355745,0.24714677299732302,0.34528275584900076,0.3253443622150997,0.19521760812509847,0.20361359623642963,0.13974954948939283,0.1962896564889569,0.13571812566057473,0.2332134279618492,0.23201682728229744,0.15060068682696018,0.21346282820390225,0.13983394941889332,0.15882182908203715,0.21798660098178066,0.24179340757486179,0.13465486765042498,0.22009513825206717,0.3159551443468036,0.2014162579794696,0.18988157393446856,0.3173852502791942,0.34825426394320014,0.18208014238088327,0.27202357745545097,0.4418789832391238,0.33995256291272447,0.26885377241597724,0.36726753171260157,0.5348618204128534,0.4153285495068983,0.4535414733374162,0.5781352529802058
16,4.376241270751942,4.067401259190623,4.367682153439957,3.8840896228014614,3.896680544039132,3.7556390012210255,3.4361842132091187,3.211747650941183,3.0071426049112686,3.0234558836904992,2.0213894245146697,2.0265832085340354,1.259793345087981,1.0299238420866303,0.28435354566781884,0.0,0.2595053787184088,0.5942605649890571,1.6281404878645733,1.365924396851214,1.775902312519464,1.6020559313634462,1.7248275114122171,1.7289157376854312,1.7163404158939988,1.5041747562989787,1.738026116358652,1.8962406281354174,1.6159280721700222,1.5914650057057014,1.1423281392449287,1.1005093383391673,1.6468526892604431,0.8104213477382849,0.39285272583841624,0.6440580020144422,0.7040273605166568,0.2588513064028981,0.2525082488630565,0.33416222768535087,0.2953558667346914,0.15362699296464224,0.22145267233473764,0.12473726439200805,0.19569367161212914,0.12921981919691986,0.2026086142848974,0.23191525469653435,0.12616567763154912,0.25307281480209304,0.1250619390585532,0.160951300898338,0.2797412812099074,0.24880110698462743,0.1358040745745778,0.2617101040724012,0.3877697349604402,0.21618029916356785,0.2166991214962276,0.43349526712162295,0.48193775878288736,0.21667987036697037,0.3234638404527613,0.651977471998833,0.44507401131765084,0.2908421973185001,0.41541939777292786,0.6435785787736948,0.48538393730514984,0.44053438422298913,0.6357831746062276
17,4.271560833072514,4.07585227299828,4.426425524215485,4.144987745418788,4.0054369934333725,3.736366725467515,3.3976351769084725,3.092498381713487,2.7568423218931786,2.6000270324862504,2.0588698760572997,2.3563541295066694,1.8987562919706102,1.8754619772107852,0.6296939955062683,0.2595053787184088,0.0,0.34891841563620735,0.6802390412868261,0.7756498402308212,1.3844939312498674,1.399194437294875,1.7444813575800924,1.3883094986222508,1.2623860872800075,1.466413819853623,1.505907789931834,1.1856752528418129,1.3488947879738655,1.5936658771342977,1.1752633029050703,1.1712067551518446,1.380441162799169,1.3689184961031013,0.4217289982135056,0.6835958199994654,0.8324164939396098,0.2862982926253061,0.13928515597743846,0.3050496104564035,0.2675452788340714,0.11232456888962278,0.1766937406367143,0.10897263389222907,0.1596907588864794,0.10878936412208998,0.1980920290938626,0.1827722747666817,0.11827244384450762,0.19849384851743976,0.11471983324629939,0.13188736881234275,0.179685672668652,0.155367801531923,0.10114893956964695,0.17041877921852525,0.25951017131989784,0.16335206883546746,0.1538980944894245,0.28882018687477234,0.30103794420277136,0.18683281478620364,0.24566987813152938,0.38998288641335904,0.3162000313564899,0.2622765942717275,0.31983546969946497,0.44904908544787236,0.34097403219820643,0.38473481937002485,0.5012932382786969
18,3.822432733284217,3.658838257144814,4.100628307591124,3.796754027972519,3.678742279282134,3.442144314104234,2.901170811280977,2.6472270874279467,2.490197945991108,2.046758580253553,1.692266096047771,2.169947960752362,3.016509495948248,2.040238884215779,1.1677775280897882,0.5942605649890571,0.34891841563620735,0.0,0.22791483824009628,0.6804445353034666,1.0280067537164386,1.2813796655383756,1.5527693088831533,1.2421958438501695,1.3773903119878323,1.8335253056161,1.4573794531980229,1.2525202910977182,1.3769882000511484,1.4985846786659012,1.380745496850063,1.2719233793329223,1.4728341126658053,1.4868942363904865,0.9261538295627583,1.117485154188426,1.119831741572729,0.3585856285742418,0.18667214981933242,0.32677616882986177,0.24638610168020073,0.12486512167068099,0.15266896683193734,0.1005004445086787,0.1514477613169267,0.09955570966037067,0.14651311840519096,0.15483257961157965,0.10730687090556543,0.1394528065065939,0.10426934444309251,0.10347184278327054,0.1669950515372038,0.11851566027021802,0.08216303719111745,0.1384591766841216,0.2214472841003349,0.12813917564575836,0.11333823910031955,0.24066144730287733,0.23638648135580295,0.15631577665365384,0.20553850503677368,0.3599102747909671,0.23326475139213715,0.1864404864548539,0.28653364308849966,0.350527543787153,0.3159771945697647,0.3051676618867589,0.41537319396939604
19,2.7980113608195585,2.7910825545393547,2.7359892631894986,2.9104007813489723,2.9641219157252077,3.1185987404890847,3.2109878548603925,2.966802447092315,2.574052535566608,2.2809184600160473,2.0551981517984568,2.103415752624421,2.2638588171099214,1.5167020746790782,1.6881834423613187,1.6281404878645733,0.6802390412868261,0.22791483824009628,0.0,0.2615181589596304,0.5388857817514376,0.736481757159899,0.8693413771677746,0.8274154131469956,0.9832229187909204,1.028580123771348,0.8182510913987768,0.931924274532507,1.2219758488473236,1.252674799790419,0.9930849173137171,1.1634138995245704,1.3507335485011511,1.2227988851729052,0.9960839777411868,1.2368146729128728,1.1267923486244973,0.4823776966117885,0.25821445587771447,0.5784523756501735,0.29114543591578057,0.14072038251707916,0.15578016532976535,0.11210102715518785,0.16618550998593765,0.11599343333641746,0.16106197650289866,0.1591429617665142,0.09874116691001128,0.2235135149237938,0.12568184386188408,0.12660015221609464,0.24171491762283068,0.18975305538174284,0.09559287467849469,0.23000040294229157,0.6971892026703445,0.2221675513406692,0.2106646486271047,0.638020509118572,0.7447965681357178,0.26513848079133184,0.42762012798156274,0.9712594945860106,0.45230304348561867,0.3509027596193423,0.6055391353001703,0.7455553467647225,0.5358155228598281,0.6392422921871448,0.7356045895179695
20,3.1511820669262005,3.1890554307643955,3.5098510249342665,3.4675703393104027,3.428419150559929,3.1362897246499903,2.690549828461643,2.579172542555121,2.731345365770206,2.235131284333295,1.991583089036048,2.496494369665764,3.14901420987719,1.8911743929167,1.6401417196855475,1.365924396851214,0.7756498402308212,0.6804445353034666,0.2615181589596304,0.0,0.19460356234697662,0.5143376815488271,0.48818929416842927,0.6113216652173524,1.1128945327969324,1.044934641602699,0.6949624266141053,0.9666450630978644,1.2089179016413598,0.8686596437222944,0.7061975838666044,0.864758516918078,0.7954276316303824,0.6824167581024131,0.5770637777011437,0.7117445039333514,0.6247316256357595,0.44374800633512645,0.1943183616135136,0.2136158366608779,0.15187211536230485,0.10292035876705107,0.1069599272697155,0.08410124528843271,0.09492775838620042,0.07647729072489291,0.08636691908807513,0.11012889163896453,0.09040432312989546,0.12475966083364538,0.09915059832040343,0.09122445169423757,0.10741803187430544,0.11239279080888216,0.08698632525297523,0.11305102326827864,0.14244698918311732,0.11017722234767424,0.11832707605435137,0.2065122704179094,0.24812903914904777,0.13184836687860343,0.20384184802445388,0.40280595784880874,0.21923704324733706,0.19521842983368684,0.25989383514024933,0.33208784330924507,0.32501240569514706,0.40053164178191003,0.3608779757925177
21,3.487807250139443,3.6921284774971292,3.978256641849057,3.896077468998366,3.7029183329173514,3.6832792692100993,3.378515484684761,3.1960650482555293,3.0227700585994217,3.2153941088138347,3.1780394809779033,3.2516997642071286,3.039430825938977,2.503667731410494,2.3154033808773944,1.775902312519464,1.3844939312498674,1.0280067537164386,0.5388857817514376,0.19460356234697662,0.0,0.272916979848942,0.37937648090115333,0.7964579831089286,1.1076408970105547,0.6455743897314873,0.7375230326370591,0.8172192294175845,0.7060754030629767,0.7422710120960333,0.6663654569748995,0.7061390940145889,0.7703313272799714,0.7867804682878435,0.5893291582891358,0.6266037322616541,0.4399180938489196,0.16677121922491586,0.14620518934958063,0.14507519230358057,0.1183704134788723,0.11061933841313731,0.12290287106707916,0.07454880476593939,0.09119732778359418,0.05980854113784587,0.12034937943327957,0.12281325389982692,0.07110590997342528,0.12253687799198262,0.08807793814657056,0.08594127239305066,0.09402118365997061,0.09246665504278229,0.0640982187961443,0.08740666691539016,0.12007873455296514,0.09830789620215086,0.10898850286181078,0.14315763765718315,0.17592599418453406,0.1180861818327486,0.1719055005261022,0.2767994048914144,0.17329983698857104,0.18534626974755875,0.26977147992414374,0.28349910067096024,0.2742001853253414,0.3943721199813759,0.41318540528573916
22,3.7518441284310526,3.714442843574598,3.8619745559646046,3.6374187936381777,3.5228265680974764,3.597004047829029,3.3750290295796015,3.6398411707251266,3.8640227035858175,4.1797513504799015,3.572918143826805,3.6807866776200595,3.310354818271171,2.56077006493425,1.9554479485985832,1.6020559313634462,1.399194437294875,1.2813796655383756,0.736481757159899,0.5143376815488271,0.272916979848942,0.0,0.1982345008724311,0.5915028542008279,0.8484263458496378,0.48746882610134745,0.5157733399963339,0.7157927857360915,0.5261577538780304,0.5090517832929027,0.5438613182825002,0.6027720951467581,0.5470498062955167,0.5107700957986495,0.46643036857238745,0.49447319933688255,0.2553504053148868,0.14139415656045934,0.12735022458818138,0.09393311542987166,0.09336110886841471,0.08304191348819856,0.07036997443406465,0.07067350546900275,0.0597608440989347,0.050387068114971886,0.08087278398875931,0.10061412962203639,0.052934083721096335,0.08564610443975915,0.053931535542149016,0.06508326746400711,0.07321232306710303,0.07264850333956104,0.05412870295037933,0.08140521981259714,0.11222159112017278,0.08600493213261386,0.08708402994638609,0.12675115547459603,0.15578239250395076,0.08817878789138286,0.11302733927310091,0.1863004499776475,0.1571554974215759,0.13445160683610224,0.17157843187189156,0.2115539357197193,0.20916086257150449,0.2659000737459499,0.3086508237708319
23,4.025464828460702,3.915584960002796,3.9786364314499107,3.829168049932452,3.8805355591098603,3.704586982002453,3.5497782862786504,4.017931872955766,4.152352742623455,3.579396670705572,3.3743651870857336,3.143354144572698,3.445172998885305,2.4289652770175443,1.8437417480942064,1.7248275114122171,1.7444813575800924,1.5527693088831533,0.8693413771677746,0.48818929416842927,0.37937648090115333,0.1982345008724311,0.0,0.2058720685810724,0.2846636768684526,0.43535718556023684,0.5077703694692208,0.382852344606303,0.4159077505976156,0.5242936625397946,0.5156481315195798,0.4393820580907317,0.5063563514077307,0.5550275923259368,0.4714270889192197,0.4093270846548021,0.502892908884156,0.2139722798228712,0.13437130199852607,0.09356734379861684,0.12010655667567412,0.08565375021020376,0.07731240345977257,0.06431957693297145,0.07495597191874703,0.056372026060884414,0.07805853637620276,0.10118067144404012,0.08119047759753265,0.08843410692914355,0.08129266781147228,0.07682628504022196,0.06113518274538058,0.07599374135386518,0.053803586445998405,0.07893999430855173,0.09899464585020391,0.08777032223941403,0.07173024901340115,0.11058449386962745,0.12884630794290236,0.09363950644170695,0.11271020762769215,0.17089180744170326,0.14318347571825235,0.11838810259525737,0.16213566685284306,0.1963449169218107,0.17335800183934516,0.23529406453082524,0.26334535678045473
24,3.6749872976663,3.6796518648060035,3.8814387963656483,3.792333742435009,4.072978181968826,4.294267001425172,4.030375499880568,4.081578433686188,5.2896690098803445,4.9453520540099305,3.712292963016039,3.1677535732791258,3.1068007306989616,1.8997914335848576,1.7111679001361697,1.7289157376854312,1.3883094986222508,1.2421958438501695,0.8274154131469956,0.6113216652173524,0.7964579831089286,0.5915028542008279,0.2058720685810724,0.0,0.1772549374396684,0.2621357782164531,0.4977353131244142,0.5861296117608531,0.4121131264081989,0.4354031537953297,0.5772819120805183,0.509352266187928,0.4723029680065277,0.5272921944384764,0.5145990818418289,0.46705282028124295,0.40474039337749307,0.4277550720666317,0.176799195538999,0.12699215650837573,0.12615309950377254,0.10715184049418718,0.08957180928492871,0.06821488180849561,0.07608695561807194,0.07077041549676225,0.0967138947689727,0.13452333538680622,0.06583954280689802,0.13869878301074529,0.05989612915143965,0.086196561286549,0.10570933488295577,0.10893371305607603,0.07032686181575482,0.08518968189519334,0.15556859497323858,0.1102676677774496,0.10107662594463211,0.15510164085647773,0.1936601377053313,0.11031528802836323,0.13674268679641804,0.2174207382418723,0.18615526698114634,0.16299076047984934,0.19142562954935693,0.21491933008460226,0.22919579412924568,0.2839655445359083,0.3199154777933752
25,3.041771851104745,3.106317706359967,3.596104875444153,3.439534738400493,3.5170450669760456,3.6160941939740567,3.3150584826435843,3.1523464139938193,3.7828106913108854,3.8093916087822635,2.8286667752251047,2.7758615842099568,2.9268340466088465,1.83306527291302,1.8133282087615137,1.7163404158939988,1.2623860872800075,1.3773903119878323,0.9832229187909204,1.1128945327969324,1.1076408970105547,0.8484263458496378,0.2846636768684526,0.1772549374396684,0.0,0.16296911536340625,0.2509834565431068,0.4873346094828765,0.4648781411392239,0.36023410209584444,0.40023811249804064,0.42605634598416925,0.4629626476667206,0.41560901535869404,0.41596681237145516,0.4923637898229199,0.42672787693418246,0.3583609402713551,0.37748832183226066,0.22812534426249795,0.12551881814055035,0.09755443636296915,0.08917383491172612,0.07733553323057432,0.07575017945978384,0.06587941237155517,0.07703908908432884,0.11183402222953966,0.07832160758394288,0.1256182953796843,0.09075675065147977,0.09905658325375477,0.10441043510494624,0.11624857278793375,0.0832165309359715,0.09965188797776266,0.14388571447831738,0.09656409105828632,0.10855456292939873,0.21605091432620613,0.19156537430506523,0.12014241842133501,0.18507731265553878,0.3176877306780336,0.19040444200869952,0.1594939055621165,0.23141986928090724,0.2856377466280333,0.25208646372074944,0.35813978997325124,0.3669184665310641
26,3.383065668426796,3.282035628260615,3.780556944911058,3.4753311935561646,3.5312410721727034,3.2237254467696457,2.866507809514064,2.9798353594018887,3.466635542703191,2.614594895489779,2.4907336955516612,2.6890136631050763,3.012632617880898,2.0330732347037728,1.6047371545994473,1.5041747562989787,1.466413819853623,1.8335253056161,1.028580123771348,1.044934641602699,0.6455743897314873,0.48746882610134745,0.43535718556023684,0.2621357782164531,0.16296911536340625,0.0,0.160079391369904,0.25114704865596377,0.4267990528601446,0.4256494237785474,0.34032009529333684,0.3307659561093293,0.46910231771251343,0.4513302484046171,0.38418695876668596,0.40193957054578733,0.41815350023607234,0.431307041528135,0.3518205105382396,0.43063237980536556,0.26239708303158077,0.11703446752422547,0.06878144112615601,0.08208959661233298,0.09425298040839879,0.06206907690600685,0.08779907124171894,0.09439744949711858,0.07229137468983013,0.10587597346603375,0.08546798912328885,0.09254415919767,0.0921394520042705,0.08886761993140092,0.06321545185223697,0.08279232242901598,0.12805045824587497,0.09829232505052601,0.08166070559204486,0.14605189454984363,0.1610469806988274,0.10871923183328605,0.1376744019970399,0.22000024546469166,0.15919954765485037,0.15854586281142544,0.18927382777326024,0.20197714500004554,0.24180564374172986,0.30392768607726356,0.3342647417261757
27,3.6172089699058163,3.6550993084408767,3.8951220812374245,3.7009054769601417,3.963862341514658,3.7973019978657216,3.3737065247046343,3.6869082476342396,4.514178181049132,3.3461290087580977,2.904983605028971,2.4627529659533427,3.0934957543080706,1.795675430401686,1.5170615235160156,1.738026116358652,1.505907789931834,1.4573794531980229,0.8182510913987768,0.6949624266141053,0.7375230326370591,0.5157733399963339,0.5077703694692208,0.4977353131244142,0.2509834565431068,0.160079391369904,0.0,0.1694340486980321,0.22745936097322253,0.3831538411816088,0.38819159949528953,0.32421500484837973,0.32920460234773774,0.5001697639323959,0.4075768117617872,0.3537494017758887,0.38814838156820397,0.4546630892190281,0.4181076515671187,0.3875708390519081,0.4332636042843853,0.14051664281139006,0.10008831505260138,0.07410113533196959,0.0946137000436027,0.06774764246749297,0.10264452655497434,0.11798075143946375,0.08312861608307404,0.1248963544290144,0.08268231054346636,0.09359696153685472,0.08562815928385316,0.09557335303063955,0.06222869822454619,0.08625474879975238,0.12185539086698313,0.08714337670692719,0.08667479347467556,0.1275891563962182,0.1528495860756534,0.07422908084936125,0.1240076363491771,0.1832332991731723,0.12691957687100094,0.11080756364234375,0.14283061435652575,0.1536377254128959,0.14931817198150865,0.22207352640206218,0.24822195103834738
28,2.751805727844002,2.817316491196058,3.184175943736939,3.105625756173475,3.3776529021616843,3.5299207990016828,3.1047539802018687,3.0614479812946556,4.239581738457358,3.503681064872009,2.473741526697222,2.1160161830559296,2.564049416158387,1.643640034153091,1.5400152351534344,1.8962406281354174,1.1856752528418129,1.2525202910977182,0.931924274532507,0.9666450630978644,0.8172192294175845,0.7157927857360915,0.382852344606303,0.5861296117608531,0.4873346094828765,0.25114704865596377,0.1694340486980321,0.0,0.168218153316067,0.2294740409925082,0.39109776490907194,0.38301585028188956,0.2843955317908036,0.3486550705491741,0.40642019091626613,0.3790884007973876,0.32167967994752195,0.38356135283963066,0.4409408066945985,0.42038238971265224,0.35844314949272005,0.3458517426958204,0.09915612897231957,0.06703382110370165,0.07420771091727973,0.06688119436502582,0.08244444329907283,0.09263400242261452,0.07558348693791603,0.11381126508493128,0.09849578543076495,0.08824825802436802,0.08218452304817042,0.10476303207811415,0.07247110383641388,0.09413298490022007,0.13294697530380553,0.1049175300427888,0.10132529331655497,0.20544524081697998,0.17983513481717475,0.10904762269523795,0.16560377570716,0.25340254036747084,0.1686878120658248,0.14453153631556317,0.19082744861574116,0.22369832701669864,0.21090802347809243,0.2786832904928635,0.31248828147306895
29,2.369092100916769,2.402803963488895,2.6747243477819618,2.59479654919442,2.8533129774320267,2.8999504896373915,2.640674151476527,2.4966775295595873,3.230504142752557,2.6212024518174206,1.9196038566243327,2.0823144948340895,2.6533313775321385,1.7555500760205671,1.6102863506290757,1.6159280721700222,1.3488947879738655,1.3769882000511484,1.2219758488473236,1.2089179016413598,0.7060754030629767,0.5261577538780304,0.4159077505976156,0.4121131264081989,0.4648781411392239,0.4267990528601446,0.22745936097322253,0.168218153316067,0.0,0.13232309234240625,0.22874697694250037,0.359968452570653,0.3702426823680375,0.30561374515206374,0.31966406678616516,0.39766354955114497,0.3441869784185681,0.30188898043713874,0.37576911110887606,0.4450615712274777,0.3769749154054007,0.3696284070306362,0.43090271183831236,0.09823335551499515,0.1686055098937974,0.08210694395892204,0.1204378528195637,0.14396479886152594,0.07748794920072531,0.16900649786316527,0.10925092432790649,0.11046446056473225,0.2028644412439413,0.16562940081172303,0.07973401162687936,0.15731279261750575,0.42607088371001467,0.1618702094813078,0.14202259264226946,0.5598072405751017,0.46087456511510044,0.14659900353798805,0.2435040851797452,0.6738284243143934,0.26928305046705986,0.1816014553046635,0.25939145414993,0.3274734232247345,0.2733086285525006,0.3257285863577506,0.36363844773705567
