,1,2,3,4,5,6,7,8,9,10,11,12,13,14,15,16,17,18,19,20,21,22,23,24,25,26,27,28,29,30,31,32,33,34,35,36,37,38,39,40,41,42,43,44,45,46,47,48,49,50,51,52,53,54,55,56,57,58,59,60,61,62,63,64,65,66,67,68,69,70,71
1,2.15625,5.5543352086097,6.9521826561540365,9.507216515019536,10.750413920730352,12.419414581730962,14.139330267906189,14.932942951098084,16.03950744867325,16.607415936887264,16.437055023387074,17.452958462759852,17.448912924155593,17.965582562610507,18.40708554163575,18.198015036061406,17.966511083766818,18.207273183390498,19.76438955590129,19.12117388471961,19.19663435034454,18.47134279087186,17.50416105426848,18.97832482494414,19.66322872415185,18.979811837896705,18.97227907180786,20.300656279549003,20.38150187022984,19.68237680196762,20.135061267763376,20.944013277068734,20.681010093539953,20.360470540821552,20.957348629832268,21.27797476015985,21.07902048714459,21.121914556249976,21.406585777178407,21.46200710348785,21.30032655596733,21.39300506003201,21.56347812153399,21.650744143873453,21.66890481673181,21.707112848758698,21.620320577174425,21.67761437036097,21.761547654867172,21.700741982087493,21.777381647378206,21.765032894909382,21.70762499421835,21.72568243741989,21.790619468316436,21.740278573706746,21.68313284404576,21.764738470315933,21.7771925162524,21.715257667005062,21.729728892445564,21.783228911459446,21.766406424343586,21.71518070437014,21.759970616549253,21.786246214061975,21.727209834381938,21.74398528598249,21.765790179371834,21.76167636550963,21.69471068121493
2,5.5543352086097,2.15625,5.641798300668597,7.1212758012115955,8.905249785631895,10.504754485562444,12.351905526593328,13.377308420836926,14.863624894991517,15.632665622979403,15.850840931758285,17.084754353389144,17.465214552357793,18.164231291040778,18.35363576747477,18.485781464725733,18.22700398415327,18.433770844712853,19.540325243026018,18.992305053398013,18.87061223015189,18.14521186053753,16.87651694752276,18.46808160468936,19.28611901216209,18.538506504148245,18.461171882227063,19.96224419400096,20.16586904413998,19.382396226748824,19.9387364462018,20.88700364343822,20.7431457657367,20.321371963247657,20.967311657965183,21.351085547357798,21.210042107850313,21.14729828387499,21.488516367971897,21.59634684585035,21.44616641290486,21.529447976499796,21.6697337012738,21.723605116829276,21.700328705832362,21.73992568999529,21.72551333718002,21.711162488907576,21.766956781968474,21.71823567338288,21.781579496338964,21.77111260034144,21.71930368617177,21.770077547058463,21.80579674616456,21.76571225002408,21.74250398017466,21.798519199714065,21.804080860689282,21.772107176482677,21.78428839147091,21.805787656456232,21.782357865944505,21.771607659757137,21.796974938362837,21.813814517110586,21.78205913864076,21.764363454654813,21.788689421489835,21.78936168551445,21.751165909692645
3,6.9521826561540365,5.641798300668597,2.15625,5.589690553024411,7.082424079999328,8.84333997219801,10.365887988358736,11.504195418208838,13.187726819887757,13.997645828872919,14.301918962970376,16.104997465386987,16.46896890923381,17.371255546808243,18.082686703652143,17.97107059881091,17.641344288364053,17.788903018459678,19.18378771468997,17.89329811371863,17.886547779664397,16.834858467802405,15.347601778805256,17.103210549801588,18.252135276794434,17.312304528430104,17.4795074891299,19.455366265028715,19.78696808964014,18.91719530709088,19.830533515661955,20.724483704194427,20.615879310294986,20.279113739728928,21.021331813186407,21.257139693945646,21.131582222878933,21.273486401885748,21.529910581186414,21.569907197728753,21.446542957797647,21.603948678821325,21.680850269272923,21.74839794076979,21.735623989254236,21.74571323953569,21.704296255484223,21.691735796630383,21.78287903778255,21.72764896787703,21.797028850764036,21.785696305334568,21.75459086894989,21.78522638231516,21.820954063907266,21.77684705518186,21.75520097836852,21.809387920424342,21.809086110442877,21.77996125817299,21.779633410274982,21.808602049946785,21.788451060652733,21.784173652529716,21.785146022215486,21.800871865823865,21.78930209763348,21.772142034024,21.79136292822659,21.775768749415874,21.764091132208705
4,9.507216515019536,7.1212758012115955,5.589690553024411,2.15625,5.546665718778968,7.163042955100536,8.518688902258873,9.917654152959585,11.7701595723629,13.022317608818412,13.327788680791855,15.420655012130737,16.050071159377694,17.569524040445685,18.298450024798512,18.546998081728816,17.775869296863675,17.750120608136058,19.226675644516945,18.05275797843933,17.664087124168873,16.048022521659732,14.778760980814695,16.59847023896873,18.06525024585426,17.35972381196916,17.379821341484785,19.219330713152885,19.751211874186993,19.138248844072223,19.735648676753044,20.79485686123371,20.688613725826144,20.47912771999836,21.06037733145058,21.40488376840949,21.259628280997276,21.30477038770914,21.53772123157978,21.638942202553153,21.519130494445562,21.621141005307436,21.68231702595949,21.70746186003089,21.722480833530426,21.719815799966455,21.722936330363154,21.713626159355044,21.754417829215527,21.748658472672105,21.776031421497464,21.779531460255384,21.727614115923643,21.77593780308962,21.792836535722017,21.763833494856954,21.74173042178154,21.792529644444585,21.800742752850056,21.760401526466012,21.78025115095079,21.818400606513023,21.772269397974014,21.76361803524196,21.794438496232033,21.805255921557546,21.77520113438368,21.767716977745295,21.790694940835238,21.79497038759291,21.78164493665099
5,10.750413920730352,8.905249785631895,7.082424079999328,5.546665718778968,2.15625,5.502546455711126,7.1010534558445215,7.948224391788244,9.882221601903439,11.346615262329578,11.904320050030947,14.274904495105147,15.143239477649331,17.067471703514457,18.265231741592288,18.424493158236146,17.45951152406633,17.064925655722618,18.966209888458252,17.15308482758701,16.68557619303465,14.792331146076322,13.564075913280249,15.283833349123597,16.911393649876118,16.38139322772622,16.280924642458558,18.53672664798796,19.400025533512235,18.689166642725468,19.243709478527308,20.599167548120022,20.540164690464735,20.293304473161697,21.014522776007652,21.27294403873384,21.197614142671227,21.279113294556737,21.541993238031864,21.597954591736197,21.506809886544943,21.6287202257663,21.684463497251272,21.746360167860985,21.719411147758365,21.747316248714924,21.70966886729002,21.708010740578175,21.757310051470995,21.757086027413607,21.794279165565968,21.792601991444826,21.74082558788359,21.776331270113587,21.82048934698105,21.774414347484708,21.761659970507026,21.7876054123044,21.792672023177147,21.772475255653262,21.77176113985479,21.813358053565025,21.786092668771744,21.779417615383863,21.789664773270488,21.804774697870016,21.788624996319413,21.773701699450612,21.796861469745636,21.783521369099617,21.772815147414804
6,12.419414581730962,10.504754485562444,8.84333997219801,7.163042955100536,5.502546455711126,2.15625,5.485044568777084,7.206434637308121,8.149100374430418,9.685268588364124,10.593484483659267,13.2251620516181,14.381498496979475,16.755222391337156,17.990202113986015,18.401630824431777,17.39084534160793,16.729939678683877,18.77846807613969,16.452454248443246,15.54923270829022,13.626993346959352,12.623087035492063,14.146348251029849,16.008612839505076,15.740757670253515,15.664987159892917,17.84868824854493,19.03871333785355,18.583552550524473,19.25395806878805,20.59057858400047,20.692273929715157,20.538571685552597,21.196875942870975,21.464882047846913,21.358318354934454,21.428639294579625,21.641421234235168,21.644954670220613,21.553991755470634,21.67896651290357,21.7089657895267,21.77516609430313,21.771907545626163,21.776814229786396,21.762087242677808,21.744064025580883,21.78139840438962,21.776970580220222,21.817304270341992,21.802224408835173,21.781018851324916,21.78865302167833,21.820357186719775,21.78084079734981,21.766915474087,21.802701769396663,21.81571612879634,21.784605342894793,21.801384245976806,21.81742437928915,21.79583909548819,21.78877834044397,21.799824189394712,21.805071959272027,21.8023667819798,21.782238192856312,21.801041208207607,21.809808673337102,21.789885841310024
7,14.139330267906189,12.351905526593328,10.365887988358736,8.518688902258873,7.1010534558445215,5.485044568777084,2.15625,5.5256057027727365,7.078445669263601,8.075345922261477,8.741687217727304,11.706742405891418,13.199339251965284,15.708316214382648,17.514822950586677,18.26337753981352,16.698279939591885,15.77637017518282,18.20264899544418,15.529654884710908,14.49008976481855,12.250824801623821,11.330909807235003,13.120130650699139,15.03645016811788,14.83319872431457,15.06179940700531,17.30580436065793,18.493220737203956,18.271392073482275,19.200172930955887,20.516948457807302,20.64518529176712,20.56570696644485,21.247292291373014,21.50765560567379,21.434724152088165,21.488125950098038,21.672736436128616,21.694690326228738,21.637082593515515,21.728868363425136,21.750154258683324,21.78032226115465,21.772287691012025,21.77375592291355,21.754584651440382,21.760251434519887,21.8054578602314,21.78971757926047,21.807562079280615,21.812942259013653,21.76785284653306,21.812566448003054,21.81600448489189,21.792789239436388,21.778570162132382,21.818507527932525,21.807963088154793,21.80495703406632,21.803479643538594,21.818335983902216,21.819431690499187,21.809921765699983,21.80297044850886,21.830879339948297,21.814182637259364,21.805743100121617,21.809894677251577,21.818769110366702,21.79943796619773
8,14.932942951098084,13.377308420836926,11.504195418208838,9.917654152959585,7.948224391788244,7.206434637308121,5.5256057027727365,2.15625,5.513328591361642,7.17513327114284,7.084232663735747,10.236246466636658,11.76782550662756,14.34272045828402,16.310119807720184,17.400958543643355,15.412208059802651,14.495779432356358,17.222042202949524,14.43080124631524,13.630847867578268,11.502338573336601,10.537046318873763,12.337575549259782,14.109806589782238,13.709065729752183,14.059000739827752,16.59769139997661,17.631487756967545,17.451398611068726,18.633161824196577,20.40750577300787,20.584203401580453,20.53381202183664,21.339373050257564,21.60925759188831,21.516638565808535,21.594717372208834,21.71194857545197,21.699026722460985,21.657211381942034,21.73194152675569,21.74741899780929,21.786803610622883,21.780295867472887,21.794473132118583,21.765285788103938,21.771493824198842,21.787627516314387,21.774224126711488,21.80404442921281,21.801642822101712,21.79622619971633,21.808219207450747,21.817463936284184,21.79793442040682,21.80226994678378,21.825660614296794,21.81661350093782,21.800503404811025,21.807648543268442,21.829188926145434,21.807890135794878,21.802448315545917,21.81424155458808,21.81495033018291,21.804030695930123,21.81544642150402,21.817600324749947,21.82001398317516,21.802985467016697
9,16.03950744867325,14.863624894991517,13.187726819887757,11.7701595723629,9.882221601903439,8.149100374430418,7.078445669263601,5.513328591361642,2.15625,5.382466081529856,7.355161027982831,10.182048736140132,11.500118179246783,14.540547097101808,16.298550952225924,17.702471412718296,15.4934908375144,14.000106608495116,16.634067378938198,13.512113416567445,12.72228567674756,10.254962727427483,9.424317263066769,10.943985879421234,12.787637824192643,12.707146944478154,12.715213518589735,14.942766800522804,16.26795589737594,16.373455120250583,17.396366987377405,19.11661146581173,19.72451094724238,19.77471635863185,20.85492778941989,21.51469174772501,21.449837498366833,21.545583847910166,21.695583891123533,21.65956693328917,21.64042324759066,21.725103681907058,21.748765483498573,21.796870758756995,21.786604454740882,21.803360883146524,21.774615915492177,21.776144420728087,21.793682258576155,21.78053166344762,21.819748431444168,21.808951821178198,21.805629393085837,21.80151637084782,21.81823482364416,21.798181483522058,21.794270070269704,21.82935563288629,21.812148477882147,21.792604628950357,21.811736419796944,21.83617351576686,21.804370449855924,21.795745108276606,21.80888658389449,21.815619675442576,21.807428024709225,21.818378316238523,21.823477620258927,21.810153242200613,21.815036430954933
10,16.607415936887264,15.632665622979403,13.997645828872919,13.022317608818412,11.346615262329578,9.685268588364124,8.075345922261477,7.17513327114284,5.382466081529856,2.15625,5.625986862927675,7.539471609517932,9.385557347908616,12.520956026390195,14.49268576130271,15.945795906707644,14.273657586425543,12.61303922533989,15.240158166736364,12.194115106016397,11.136627862229943,9.061813935637474,9.47929210215807,10.710280762985349,11.921490842476487,12.09860840626061,12.983987841755152,14.797292040660977,15.67602544464171,16.346239482983947,17.754965161904693,19.23815570399165,19.743316128849983,20.415784504264593,21.365837389603257,21.571444200351834,21.550904965028167,21.648773631080985,21.740537986159325,21.702863862738013,21.674402663484216,21.772581599652767,21.77670954167843,21.813019694760442,21.797666056081653,21.80211197771132,21.772708274424076,21.775066757574677,21.80656381137669,21.804714426398277,21.816283797845244,21.824991814792156,21.792843813076615,21.80794452689588,21.823296239599586,21.811386112123728,21.79715270549059,21.83625635318458,21.835552411153913,21.816229727119207,21.825812429189682,21.834018349647522,21.828361459076405,21.816886296495795,21.819699594751,21.823000526055694,21.831031249836087,21.818051336333156,21.822490844875574,21.822018671780825,21.81687441468239
11,16.437055023387074,15.850840931758285,14.301918962970376,13.327788680791855,11.904320050030947,10.593484483659267,8.741687217727304,7.084232663735747,7.355161027982831,5.625986862927675,2.15625,5.515003260225058,7.417986204847693,10.064272155985236,12.438428655266762,13.834616901353002,11.897937156260014,11.139251889660954,14.07846556045115,11.606224428862333,10.844312520697713,9.615662354975939,9.007162855938077,11.814592186361551,12.286377040669322,11.790149264037609,13.812352385371923,15.956195678561926,16.157559579238296,16.691056294366717,18.754146244376898,20.180114768445492,20.133603593334556,20.90687445551157,21.635365111753345,21.678872799500823,21.636043881997466,21.737252060323954,21.788668677210808,21.763300290331244,21.747450105845928,21.790305010974407,21.781527150422335,21.818455256521702,21.803510023280978,21.80258532240987,21.7800917532295,21.769359273836017,21.80128388851881,21.798390179872513,21.820256378501654,21.81796602346003,21.796432001516223,21.809547482058406,21.833241302520037,21.811219435185194,21.804988654330373,21.823303755372763,21.831210508942604,21.801550129428506,21.824423434212804,21.8301616422832,21.818440986797214,21.82012827321887,21.81867640838027,21.828025309368968,21.83016261830926,21.81297036446631,21.832741351798177,21.81586922891438,21.80540577508509
12,17.452958462759852,17.084754353389144,16.104997465386987,15.420655012130737,14.274904495105147,13.2251620516181,11.706742405891418,10.236246466636658,10.182048736140132,7.539471609517932,5.515003260225058,2.15625,5.649874713271856,7.390392575412989,9.677124213427305,11.08459403552115,10.056033721193671,9.279299449175596,12.059745352715254,10.137676829472184,9.204957148060203,9.27099603973329,9.63419888727367,12.525215227156878,11.580979697406292,10.91835500486195,14.34452373534441,15.943027971312404,15.3991769105196,16.516743613407016,18.905553137883544,19.67171248793602,19.466492790728807,20.72043291479349,21.517322586849332,21.506472712382674,21.48177139647305,21.691487465053797,21.79364370368421,21.750931119546294,21.74092610552907,21.803149854764342,21.811191875487566,21.8078040368855,21.82539166137576,21.815755112096667,21.788121953606606,21.786890333518386,21.806931195780635,21.81418144144118,21.831637809053063,21.813539883121848,21.790865203365684,21.80993166565895,21.820638051256537,21.82543078996241,21.81133467145264,21.81591417081654,21.824515465646982,21.81890595331788,21.81289995647967,21.84042878076434,21.829626958817244,21.808613719418645,21.83270499110222,21.825485683977604,21.810524493455887,21.818581702187657,21.81057587824762,21.822348343208432,21.822477634996176
13,17.448912924155593,17.465214552357793,16.46896890923381,16.050071159377694,15.143239477649331,14.381498496979475,13.199339251965284,11.76782550662756,11.500118179246783,9.385557347908616,7.417986204847693,5.649874713271856,2.15625,5.481014292687178,7.79198363609612,9.084400409832597,7.3494780994951725,6.190857982262969,9.520520055666566,8.348361324518919,9.222363967448473,9.11992290057242,9.346047280356288,12.927994836121798,11.087839914485812,9.213120417669415,13.827816078439355,15.268674809485674,13.527525531128049,14.619267450645566,17.93599677272141,18.427731378003955,17.71666290052235,19.793624309822917,21.506162678822875,21.32938709296286,21.379578886553645,21.683147510513663,21.777887476608157,21.71638770774007,21.720733407884836,21.791308280080557,21.79041581042111,21.828197250142694,21.80922570079565,21.831274745985866,21.806122513487935,21.797050511464477,21.815437242388725,21.815554182976484,21.833216715604067,21.821201276034117,21.79423740133643,21.819385631009936,21.84211702272296,21.816868407651782,21.80661529302597,21.832697831094265,21.816822186112404,21.80021961964667,21.80309785529971,21.8300313744694,21.80781552940607,21.797901825979352,21.814615316689014,21.83600280061364,21.822006832808256,21.801543291658163,21.807357545942068,21.827039919793606,21.824854772537947
14,17.965582562610507,18.164231291040778,17.371255546808243,17.569524040445685,17.067471703514457,16.755222391337156,15.708316214382648,14.34272045828402,14.540547097101808,12.520956026390195,10.064272155985236,7.390392575412989,5.481014292687178,2.15625,5.542179562151432,5.945102591067553,6.025308286771178,7.532615236938,10.092340342700481,10.593007553368807,10.949739545583725,12.370972877368331,12.4545280020684,15.86895272321999,13.599363278597593,12.269637135788798,16.496005084365606,18.242912519723177,16.16674679145217,17.1876165214926,20.681528257206082,20.941476630046964,19.81442626938224,21.165384514257312,21.658905243501067,21.569603780284524,21.519497878849506,21.749644812196493,21.78395707346499,21.743151489645243,21.785063987597823,21.825658729299903,21.79769308678806,21.821111656725407,21.829048056155443,21.838789977133274,21.81818674132228,21.798879262059927,21.818827075883746,21.816710019484162,21.830051427707076,21.819070272147655,21.808503368869424,21.824463656172156,21.839775003492832,21.812205398455262,21.803329395130277,21.823956171050668,21.826255606487393,21.805105574429035,21.806257819756866,21.829128801822662,21.809088909998536,21.79747899621725,21.82546028494835,21.833724388852715,21.810444824397564,21.812674360349774,21.813723638653755,21.81374073214829,21.798252526670694
15,18.40708554163575,18.35363576747477,18.082686703652143,18.298450024798512,18.265231741592288,17.990202113986015,17.514822950586677,16.310119807720184,16.298550952225924,14.49268576130271,12.438428655266762,9.677124213427305,7.79198363609612,5.542179562151432,2.15625,5.489725071936846,7.512797752395272,7.589257255196571,8.528119632974267,10.387509590014815,10.541970416903496,13.197582952678204,14.23814981430769,17.014450758695602,13.896987203508615,12.945701578631997,17.57602159306407,18.578576784580946,15.858519604429603,17.67425918765366,21.10994659550488,20.739368870854378,19.50518516637385,21.28728191740811,21.67112836241722,21.55506920814514,21.506940227001905,21.721983483061194,21.779793621972203,21.7449433747679,21.755627539008856,21.81697420962155,21.823463963344693,21.844626704230905,21.829815907403827,21.833512518554926,21.824886199086905,21.82510045170784,21.840217730030417,21.81670667231083,21.838206205517054,21.83130327425897,21.821377709507942,21.821582697331905,21.836258120834827,21.83128954656422,21.80503997579217,21.82871536910534,21.833617394790053,21.799005256965756,21.795796994119883,21.83349646255374,21.809163961559534,21.785201290622354,21.818543162196875,21.830073622986674,21.804132292047143,21.8078989405185,21.815469371154904,21.808078171685338,21.793590607121587
16,18.198015036061406,18.485781464725733,17.97107059881091,18.546998081728816,18.424493158236146,18.401630824431777,18.26337753981352,17.400958543643355,17.702471412718296,15.945795906707644,13.834616901353002,11.08459403552115,9.084400409832597,5.945102591067553,5.489725071936846,2.15625,5.288385033607483,8.047278188169003,9.681341214105487,11.940059332177043,12.842767380177975,15.077234169468284,15.187608104199171,18.46499591320753,15.685170121490955,13.93144086189568,18.53056326881051,19.936887769028544,17.03196757286787,18.191476253792644,21.201377037912607,21.18318684399128,20.181061340495944,21.407333087176085,21.703113513067365,21.48635232821107,21.53544575162232,21.77661493420601,21.792975153774023,21.756101436913013,21.778809053823352,21.82716408185661,21.818646851927042,21.839284205809236,21.8390560336411,21.824497736990452,21.811810003593564,21.811271401122212,21.82587514258921,21.830771101638675,21.831161629408598,21.84004277177155,21.812261436134577,21.833471823483706,21.841281834989786,21.820231698453426,21.78903934918344,21.82528392970562,21.83374421298504,21.789991991594434,21.79131618514657,21.839086066931486,21.80577572248876,21.786007329821587,21.798463908955455,21.815774651244283,21.81537053734064,21.77795002423227,21.81623269058764,21.80695427209139,21.769636219367385
17,17.966511083766818,18.22700398415327,17.641344288364053,17.775869296863675,17.45951152406633,17.39084534160793,16.698279939591885,15.412208059802651,15.4934908375144,14.273657586425543,11.897937156260014,10.056033721193671,7.3494780994951725,6.025308286771178,7.512797752395272,5.288385033607483,2.15625,5.164938248693943,8.412643061950803,9.718048930168152,11.56054263189435,12.788115438073874,12.141688149422407,15.93456955626607,13.450435679405928,10.889267461374402,15.385879646986723,17.443957271054387,14.506160108372569,15.078816968947649,19.474929427728057,19.849323596805334,17.803364749997854,20.315777495503426,21.666658082976937,21.454555016011,21.384951077401638,21.749574847519398,21.795824551954865,21.75029087625444,21.786545261740685,21.828126458451152,21.82944211177528,21.829783098772168,21.842181779444218,21.844749489799142,21.834731170907617,21.82871151715517,21.82634529285133,21.828232737258077,21.838937371969223,21.84146136045456,21.816490225493908,21.834517583251,21.846929501742125,21.828950123861432,21.804193031042814,21.82535025663674,21.827189384028316,21.790099188685417,21.805755412206054,21.84352801553905,21.814326282590628,21.787546910345554,21.832144413143396,21.829050550237298,21.80867088586092,21.79918714053929,21.8158793784678,21.818601109087467,21.80801779590547
18,18.207273183390498,18.433770844712853,17.788903018459678,17.750120608136058,17.064925655722618,16.729939678683877,15.77637017518282,14.495779432356358,14.000106608495116,12.61303922533989,11.139251889660954,9.279299449175596,6.190857982262969,7.532615236938,7.589257255196571,8.047278188169003,5.164938248693943,2.15625,5.565291218459606,5.278146518394351,8.430495524778962,9.564414774999022,9.221078412607312,12.23568957298994,9.540896892547607,7.1604851596057415,11.719807269051671,13.376856068149209,10.504730585962534,11.688467841595411,16.019494054839015,16.066725669428706,14.540428336709738,17.628329830244184,20.33068591170013,19.674994312226772,19.925544312223792,21.706850787624717,21.808232495561242,21.746594263240695,21.80468395166099,21.839518018066883,21.82663419097662,21.837894666939974,21.84534040465951,21.833189448341727,21.844979448243976,21.82968266122043,21.83623686991632,21.844123493880033,21.834511103108525,21.84446707740426,21.82447014376521,21.843196511268616,21.833245122805238,21.83758101798594,21.830876959487796,21.843710714951158,21.84789065644145,21.816880699247122,21.833586344495416,21.844950264319777,21.824340580031276,21.8173834271729,21.82450765557587,21.831964515149593,21.833428950980306,21.82168610394001,21.818765111267567,21.835836600512266,21.832319686189294
19,19.76438955590129,19.540325243026018,19.18378771468997,19.226675644516945,18.966209888458252,18.77846807613969,18.20264899544418,17.222042202949524,16.634067378938198,15.240158166736364,14.07846556045115,12.059745352715254,9.520520055666566,10.092340342700481,8.528119632974267,9.681341214105487,8.412643061950803,5.565291218459606,2.15625,5.422982813790441,8.68336509168148,11.11379194073379,12.161648543551564,13.794831460341811,9.533940009772778,8.475477665662766,13.336446944624186,13.288964159786701,9.568934140726924,12.21489493176341,16.204488940536976,14.642817106097937,13.232046434655786,17.482165889814496,19.54399691708386,17.676989663392305,18.634142579510808,21.678547197952867,21.799520952627063,21.57957709208131,21.818503556773067,21.835033701732755,21.830283250659704,21.83699307590723,21.8457861058414,21.839094750583172,21.842068139463663,21.82783262990415,21.844985516741872,21.824871748685837,21.842270782217383,21.833131838589907,21.820388611406088,21.82620607689023,21.838771840557456,21.83976473286748,21.810017419978976,21.840100208297372,21.834435356780887,21.81576027907431,21.811836328357458,21.844027200713754,21.818852590397,21.775413405150175,21.822695026174188,21.82078426517546,21.7888465244323,21.80380780622363,21.826022187247872,21.823812628164887,21.8007636051625
20,19.12117388471961,18.992305053398013,17.89329811371863,18.05275797843933,17.15308482758701,16.452454248443246,15.529654884710908,14.43080124631524,13.512113416567445,12.194115106016397,11.606224428862333,10.137676829472184,8.348361324518919,10.593007553368807,10.387509590014815,11.940059332177043,9.718048930168152,5.278146518394351,5.422982813790441,2.15625,5.535895958542824,6.466010922566056,7.852657964453101,8.817015543580055,4.706043645739555,4.422934230417013,9.090054128319025,9.207322770729661,6.989538619294763,9.756864085793495,12.8766687233001,12.463071068748832,12.300666932016611,15.562073087319732,17.440543556585908,16.812332885339856,18.390109019353986,21.137879725545645,21.79344359971583,21.79712169803679,21.827015083283186,21.837258640676737,21.83710189908743,21.84950634650886,21.848355961963534,21.848581176251173,21.832268491387367,21.835798282176256,21.850634483620524,21.83738311752677,21.849812680855393,21.851351853460073,21.844898097217083,21.834834095090628,21.850266221910715,21.843588698655367,21.83301131054759,21.852609653025866,21.837953221052885,21.836502792313695,21.83452543616295,21.834589468315244,21.826227884739637,21.83203033171594,21.836883330717683,21.84883489832282,21.831645898520947,21.82340020313859,21.82434133067727,21.82571565359831,21.829055396839976
21,19.19663435034454,18.87061223015189,17.886547779664397,17.664087124168873,16.68557619303465,15.54923270829022,14.49008976481855,13.630847867578268,12.72228567674756,11.136627862229943,10.844312520697713,9.204957148060203,9.222363967448473,10.949739545583725,10.541970416903496,12.842767380177975,11.56054263189435,8.430495524778962,8.68336509168148,5.535895958542824,2.15625,4.988850269466639,9.130641309544444,9.12454690784216,5.983114777132869,8.705070044845343,12.126813238486648,11.653073469176888,11.183391597121954,14.369283106178045,16.516719991341233,16.151430578902364,17.025005247443914,20.157216323539615,21.375912476330996,21.182787304744124,21.794525066390634,21.82882826961577,21.834995549172163,21.844679530709982,21.840479543432593,21.85193559527397,21.834258183836937,21.846676046028733,21.84854018315673,21.84545868821442,21.852146945893764,21.833344839513302,21.846514677628875,21.85054984688759,21.84791132248938,21.85028989240527,21.838291062042117,21.851737413555384,21.847835218533874,21.835316732525826,21.84169650822878,21.851619873195887,21.834934275597334,21.831482253968716,21.844326259568334,21.833353454247117,21.835717506706715,21.840827582404017,21.847711242735386,21.847020281478763,21.82881886139512,21.843060420826077,21.824058543890715,21.83666817098856,21.826343009248376
22,18.47134279087186,18.14521186053753,16.834858467802405,16.048022521659732,14.792331146076322,13.626993346959352,12.250824801623821,11.502338573336601,10.254962727427483,9.061813935637474,9.615662354975939,9.27099603973329,9.11992290057242,12.370972877368331,13.197582952678204,15.077234169468284,12.788115438073874,9.564414774999022,11.11379194073379,6.466010922566056,4.988850269466639,2.15625,5.349901547655463,4.946025665849447,4.883778814226389,7.023034682497382,8.870610475540161,9.41936007142067,10.612874396145344,12.633251372724771,14.096220597624779,15.105709344148636,16.364543586969376,18.425533400848508,19.833825834095478,20.62917044572532,21.81575158983469,21.82586188055575,21.83073183707893,21.85013178922236,21.843035778030753,21.83243453875184,21.83208390325308,21.84747450053692,21.846404371783137,21.846140295267105,21.850739730522037,21.850722055882215,21.846155926585197,21.848639460280538,21.845718048512936,21.846841806545854,21.85199973732233,21.846789803355932,21.84631027467549,21.851049210876226,21.832723550498486,21.848232746124268,21.850511202588677,21.830070404335856,21.83641694113612,21.8514894079417,21.836318280547857,21.825225453823805,21.838412502780557,21.837862838059664,21.838623702526093,21.839283416047692,21.831452161073685,21.831409692764282,21.83935285359621
23,17.50416105426848,16.87651694752276,15.347601778805256,14.778760980814695,13.564075913280249,12.623087035492063,11.330909807235003,10.537046318873763,9.424317263066769,9.47929210215807,9.007162855938077,9.63419888727367,9.346047280356288,12.4545280020684,14.23814981430769,15.187608104199171,12.141688149422407,9.221078412607312,12.161648543551564,7.852657964453101,9.130641309544444,5.349901547655463,2.15625,5.4357919450849295,7.333490189164877,5.619110191240907,6.266496377065778,9.718983739614487,10.748187109827995,10.485815901309252,12.547462882474065,15.093813240528107,15.44164045713842,16.291382364928722,18.763734135776758,20.25348937511444,20.945973109453917,21.795076828449965,21.846252590417862,21.830545023083687,21.834595691412687,21.83823057077825,21.83209995366633,21.848607651889324,21.847158208489418,21.84602990373969,21.850626163184643,21.850988384336233,21.846745720133185,21.848674474284053,21.84661572612822,21.848216339945793,21.849425481632352,21.846966641023755,21.84603588655591,21.848595816642046,21.85052416846156,21.84743565507233,21.84829292073846,21.836689302697778,21.852079175412655,21.84833639115095,21.833977360278368,21.845594936981797,21.83334649167955,21.831791127100587,21.844096502289176,21.828028563410044,21.845782443881035,21.847499599680305,21.836074259132147
24,18.97832482494414,18.46808160468936,17.103210549801588,16.59847023896873,15.283833349123597,14.146348251029849,13.120130650699139,12.337575549259782,10.943985879421234,10.710280762985349,11.814592186361551,12.525215227156878,12.927994836121798,15.86895272321999,17.014450758695602,18.46499591320753,15.93456955626607,12.23568957298994,13.794831460341811,8.817015543580055,9.12454690784216,4.946025665849447,5.4357919450849295,2.15625,5.351584831252694,7.2558706402778625,5.820877432823181,6.4443740881979465,9.705648638308048,10.824897218495607,10.771215166896582,12.801415083929896,14.929728975519538,15.873497802764177,16.781541233882308,18.72529719211161,20.610973604023457,21.341172074899077,21.827859891578555,21.825880583375692,21.842875137925148,21.830941354855895,21.840007392689586,21.850924285128713,21.849846467375755,21.84743905067444,21.852180244401097,21.849878773093224,21.846366183832288,21.84930108115077,21.846140325069427,21.84738519228995,21.832400683313608,21.847039941698313,21.84647512435913,21.850806144997478,21.832417469471693,21.84755227342248,21.85041018202901,21.84259438700974,21.834419678896666,21.850915959104896,21.83812223188579,21.829078134149313,21.83587678708136,21.839635962620378,21.834506828337908,21.829931866377592,21.82749878615141,21.838482681661844,21.84010765515268
25,19.66322872415185,19.28611901216209,18.252135276794434,18.06525024585426,16.911393649876118,16.008612839505076,15.03645016811788,14.109806589782238,12.787637824192643,11.921490842476487,12.286377040669322,11.580979697406292,11.087839914485812,13.599363278597593,13.896987203508615,15.685170121490955,13.450435679405928,9.540896892547607,9.533940009772778,4.706043645739555,5.983114777132869,4.883778814226389,7.333490189164877,5.351584831252694,2.15625,5.32900257781148,7.30979704298079,5.820571845397353,6.379412587732077,9.697045231238008,10.89170398004353,10.783343719318509,12.47789748199284,15.07574388384819,15.898977033793926,16.336436158046126,18.692800518125296,20.556560177356005,21.325087297707796,21.81043355166912,21.838345186784863,21.845610624179244,21.839370677247643,21.851987823843956,21.850731246173382,21.847798438742757,21.852934449911118,21.831868782639503,21.848495729267597,21.83256673067808,21.849126795306802,21.852451860904694,21.83181217685342,21.85179003328085,21.849139956757426,21.8339818790555,21.838091354817152,21.85148704983294,21.83575715497136,21.833214392885566,21.848415330052376,21.83409238792956,21.84464331716299,21.843593345955014,21.828861566260457,21.828371917828918,21.841937482357025,21.83373824879527,21.842539144679904,21.82469179481268,21.823464730754495
26,18.979811837896705,18.538506504148245,17.312304528430104,17.35972381196916,16.38139322772622,15.740757670253515,14.83319872431457,13.709065729752183,12.707146944478154,12.09860840626061,11.790149264037609,10.91835500486195,9.213120417669415,12.269637135788798,12.945701578631997,13.93144086189568,10.889267461374402,7.1604851596057415,8.475477665662766,4.422934230417013,8.705070044845343,7.023034682497382,5.619110191240907,7.2558706402778625,5.32900257781148,2.15625,5.313795644789934,7.291841562837362,5.739022960886359,6.275656823068857,9.729998989030719,10.914273411035538,10.496808918192983,12.586124379187822,15.091905429959297,15.537303864955902,16.38560902327299,18.67769356817007,20.55434587597847,21.06900085322559,21.809199944138527,21.83797732181847,21.836778631433845,21.83219898864627,21.852549754083157,21.84958016499877,21.834602884948254,21.83595946058631,21.851228583604097,21.833448188379407,21.850149489939213,21.831480093300343,21.83365136012435,21.85138028487563,21.84812736324966,21.833213733509183,21.8375637345016,21.852065920829773,21.833195887506008,21.829080460593104,21.844257110729814,21.832286356016994,21.836270984262228,21.827363220974803,21.846947111189365,21.84563260525465,21.83671959489584,21.828574484214187,21.84060837328434,21.826710479333997,21.831620598211884
27,18.97227907180786,18.461171882227063,17.4795074891299,17.379821341484785,16.280924642458558,15.664987159892917,15.06179940700531,14.059000739827752,12.715213518589735,12.983987841755152,13.812352385371923,14.34452373534441,13.827816078439355,16.496005084365606,17.57602159306407,18.53056326881051,15.385879646986723,11.719807269051671,13.336446944624186,9.090054128319025,12.126813238486648,8.870610475540161,6.266496377065778,5.820877432823181,7.30979704298079,5.313795644789934,2.15625,5.364013897255063,7.2780296839773655,5.779100155457854,6.399267865344882,9.782601468265057,10.70286208204925,10.737265169620514,12.712090807035565,14.931887032464147,15.813284484669566,16.540901202708483,18.88801913894713,20.565218860283494,21.204855332151055,21.827804943546653,21.829726977273822,21.846738312393427,21.837015755474567,21.851396422833204,21.840814094990492,21.834614146500826,21.849892754107714,21.85187628865242,21.848176991567016,21.84925408102572,21.851968813687563,21.84905961342156,21.84700996428728,21.850663147866726,21.833020554855466,21.847352977842093,21.85162471421063,21.84590307995677,21.83260738104582,21.84849302098155,21.838739164173603,21.830559760332108,21.852639274671674,21.833572441712022,21.832482581958175,21.845153803005815,21.840585062280297,21.829001368954778,21.834142819046974
28,20.300656279549003,19.96224419400096,19.455366265028715,19.219330713152885,18.53672664798796,17.84868824854493,17.30580436065793,16.59769139997661,14.942766800522804,14.797292040660977,15.956195678561926,15.943027971312404,15.268674809485674,18.242912519723177,18.578576784580946,19.936887769028544,17.443957271054387,13.376856068149209,13.288964159786701,9.207322770729661,11.653073469176888,9.41936007142067,9.718983739614487,6.4443740881979465,5.820571845397353,7.291841562837362,5.364013897255063,2.15625,5.3461440950632095,7.364512411877513,5.82762691564858,6.462952213361859,9.71654075756669,11.022678961977363,10.922110233455896,12.574740041047335,15.18255534954369,15.950803432613611,16.72559749148786,18.864189153537154,20.666668796911836,21.425604298710823,21.829739972949028,21.830941550433636,21.841346764937043,21.832257045432925,21.841895535588264,21.833863908424973,21.85091288201511,21.83151619322598,21.84894898533821,21.849970385432243,21.851884067058563,21.850534979254007,21.84873776510358,21.837212666869164,21.83639589883387,21.851281052455306,21.832205096259713,21.839676771312952,21.83993768133223,21.832187116146088,21.83122055232525,21.844385156407952,21.840402871370316,21.842413825914264,21.830129260197282,21.839514560997486,21.829232899472117,21.84057298861444,21.839068265631795
29,20.38150187022984,20.16586904413998,19.78696808964014,19.751211874186993,19.400025533512235,19.03871333785355,18.493220737203956,17.631487756967545,16.26795589737594,15.67602544464171,16.157559579238296,15.3991769105196,13.527525531128049,16.16674679145217,15.858519604429603,17.03196757286787,14.506160108372569,10.504730585962534,9.568934140726924,6.989538619294763,11.183391597121954,10.612874396145344,10.748187109827995,9.705648638308048,6.379412587732077,5.739022960886359,7.2780296839773655,5.3461440950632095,2.15625,5.310576360672712,7.323603702709079,5.809851856902242,6.254529032856226,9.709193523973227,10.902624165639281,10.449173087254167,12.468950940296054,14.972160203382373,15.703914027661085,16.36218560859561,18.656725311651826,20.497227519750595,21.42769599892199,21.831377094611526,21.831179616972804,21.838973389938474,21.84450263530016,21.83026058971882,21.837409518659115,21.844486098736525,21.831887548789382,21.836952293291688,21.843155490234494,21.843627098947763,21.852055525407195,21.837185714393854,21.8276429772377,21.83782634139061,21.847297754138708,21.83351252414286,21.828738471493125,21.84109850600362,21.84246787428856,21.81356145814061,21.839201167225838,21.829862473532557,21.837474828585982,21.829159228131175,21.83944548293948,21.833580622449517,21.834637701511383
30,19.68237680196762,19.382396226748824,18.91719530709088,19.138248844072223,18.689166642725468,18.583552550524473,18.271392073482275,17.451398611068726,16.373455120250583,16.346239482983947,16.691056294366717,16.516743613407016,14.619267450645566,17.1876165214926,17.67425918765366,18.191476253792644,15.078816968947649,11.688467841595411,12.21489493176341,9.756864085793495,14.369283106178045,12.633251372724771,10.485815901309252,10.824897218495607,9.697045231238008,6.275656823068857,5.779100155457854,7.364512411877513,5.310576360672712,2.15625,5.3753217831254005,7.297885248437524,5.588350834324956,6.330923279747367,9.731022300198674,10.690548919141293,10.558740772306919,12.473953260108829,15.021641034632921,15.693869469687343,16.41014478355646,18.6872352771461,20.734872771427035,21.818620298057795,21.838025810196996,21.838995151221752,21.82684062048793,21.847577318549156,21.83563071489334,21.837477581575513,21.833418319001794,21.839057562872767,21.843086030334234,21.836283253505826,21.8501997012645,21.845065927132964,21.83389992080629,21.85270887054503,21.83382642455399,21.83283046633005,21.849179228767753,21.852307682856917,21.833791660144925,21.842150945216417,21.83865712583065,21.83514810912311,21.845676504075527,21.841994183138013,21.848314482718706,21.830099811777472,21.83252863585949
