,1,2,3,4,5,6,7,8,9,10,11,12,13,14,15,16,17,18,19,20,21,22,23,24,25,26,27,28,29,30,31,32,33,34,35,36,37,38,39,40,41,42,43,44,45,46,47,48,49,50,51,52,53,54,55,56,57,58,59,60,61,62,63,64,65,66,67,68,69,70,71
1,2.15625,5.510596772655845,7.033728813752532,9.263009805232286,10.72686799801886,12.844028539955616,14.32821355946362,15.07460305467248,15.982848500832915,17.422401061281562,17.09731138125062,18.932421576231718,19.34063238091767,19.75490819476545,20.594491492956877,20.072978854179382,19.563440687954426,19.882553804665804,21.04368159547448,20.333788314834237,20.4202477671206,19.083739437162876,17.4233381729573,18.538690205663443,20.162759751081467,19.30744161643088,18.345356645062566,20.16891406662762,20.76511299237609,19.827868465334177,19.897161342203617,21.015726981684566,21.106166392564774,20.57988371886313,21.077842252328992,21.581828178837895,21.52823744341731,21.34654059447348,21.643528413027525,21.759601132944226,21.690907115116715,21.72631057910621,21.789956990629435,21.82650511711836,21.8350911680609,21.834957167506218,21.82278017513454,21.82440664432943,21.825011875480413,21.839659741148353,21.825314911082387,21.836588913574815,21.81840555369854,21.839994832873344,21.84297612309456,21.828557597473264,21.8295911680907,21.830063562840223,21.832270862534642,21.830132069066167,21.814405309036374,21.845398262143135,21.825261548161507,21.80586993508041,21.82718901708722,21.83367026410997,21.8148862272501,21.821809282526374,21.833955358713865,21.810061372816563,21.805832602083683
2,5.510596772655845,2.15625,5.549954952672124,7.083554178476334,9.189202750101686,11.044007709249854,12.63844563625753,13.68569858558476,14.644104693084955,16.307605743408203,16.35695766657591,18.67768132686615,19.123296374455094,19.81744576059282,20.569692101329565,20.222437584772706,19.79181107506156,19.96817978657782,21.05951857753098,20.32830536738038,20.344235841184855,18.543784176930785,16.603700691834092,17.845052735880017,19.916026717051864,19.04533975198865,17.697575736790895,19.88829367980361,20.685341384261847,19.79535450041294,19.712953047826886,21.073014156892896,21.17572986893356,20.580047335475683,21.12543861567974,21.623614637181163,21.54990115016699,21.433714006096125,21.688518287613988,21.791675249114633,21.73752255178988,21.760940661653876,21.819359626621008,21.822256047278643,21.839760726317763,21.83970401249826,21.82097186334431,21.824294632300735,21.829921439290047,21.834468444809318,21.82838766090572,21.840063117444515,21.83050188422203,21.835358629003167,21.844877742230892,21.84461165778339,21.835369694978,21.847591565921903,21.832763815298676,21.838513808324933,21.82494509778917,21.848086539655924,21.835121059790254,21.8314937222749,21.840823201462626,21.83798174932599,21.82232607714832,21.815745996311307,21.832504911348224,21.83374397829175,21.824485765770078
3,7.033728813752532,5.549954952672124,2.15625,5.621554026380181,7.069899057969451,9.056870793923736,10.56045731715858,11.837850071489811,13.030435150489211,14.73590999096632,14.6657759770751,17.641997676342726,18.230391511693597,19.736556954681873,20.553501861169934,20.247202506288886,19.2834844160825,19.468790056183934,21.019089998677373,19.94509296119213,19.90578004717827,17.282743824645877,15.02879562228918,16.473741987720132,19.153435423970222,18.11510656774044,16.587745044380426,19.175233894959092,20.285881778225303,19.14964852668345,19.285525614395738,20.906650656834245,20.98129590973258,20.349204869940877,21.07912515848875,21.6399595271796,21.508800333365798,21.433127745985985,21.72480694204569,21.79698775522411,21.74174185656011,21.77171715348959,21.805773621425033,21.838794849812984,21.833031121641397,21.83625021763146,21.841276716440916,21.828950015828013,21.829768797382712,21.829824892804027,21.840201515704393,21.82990330643952,21.845625709742308,21.827860129997134,21.843006402254105,21.83924730680883,21.831211026757956,21.83156076259911,21.831181056797504,21.83884995430708,21.83962587080896,21.8277992811054,21.82611047849059,21.828201232478023,21.840292681008577,21.8383224401623,21.820058684796095,21.820539571344852,21.835507223382592,21.830221224576235,21.82419043034315
4,9.263009805232286,7.083554178476334,5.621554026380181,2.15625,5.557164773344994,7.100226694718003,8.478326013311744,9.951704604551196,11.288637338206172,13.441070115193725,13.411638734862208,16.68322255089879,17.522540660575032,19.307863427326083,20.39725635200739,20.23946527764201,19.2546101603657,19.16556248255074,20.849715389311314,19.41449257545173,19.50400772318244,16.304596908390522,13.823201408609748,15.281948376446962,18.588838931173086,17.54130638204515,15.798927281051874,18.845560878515244,20.069701340049505,19.016354836523533,19.16426695883274,20.83044707402587,21.04793805256486,20.570977671071887,21.211890920996666,21.685471614822745,21.605915816500783,21.561167504638433,21.76043539866805,21.804781161248684,21.787787774577737,21.802017711102962,21.81483613885939,21.845403039827943,21.838452458381653,21.830254450440407,21.828736951574683,21.835786532610655,21.846900762990117,21.832570327445865,21.84312820993364,21.8320745062083,21.83568273484707,21.846873745322227,21.8412808123976,21.833325946703553,21.825712401419878,21.846890507265925,21.828173933550715,21.828209418803453,21.828537546098232,21.847277872264385,21.82624159939587,21.828590078279376,21.839651001617312,21.83422369323671,21.83114649169147,21.816705426201224,21.8376788161695,21.81914046406746,21.827124813571572
5,10.72686799801886,9.189202750101686,7.069899057969451,5.557164773344994,2.15625,5.527973854914308,6.913488386198878,7.9737919475883245,9.468891888856888,11.395301137119532,11.51373110897839,15.068798312917352,16.05437090806663,18.681589717045426,20.26462254486978,20.345639526844025,18.80201482400298,18.208872826769948,20.713341431692243,18.371761694550514,18.378265848383307,14.82017557695508,12.026556292548776,13.584646377712488,17.210405431687832,16.169197969138622,14.396132035180926,17.713060224428773,19.65230597741902,18.449408465996385,18.615128565579653,20.77867684327066,21.011194668710232,20.602888122200966,21.235593231394887,21.681382346898317,21.647486513480544,21.61844000965357,21.78013920597732,21.81214606203139,21.802859822288156,21.827099848538637,21.83471559546888,21.849179292097688,21.845014341175556,21.838381489738822,21.831742763519287,21.844551727175713,21.836468501016498,21.837391266599298,21.83413681946695,21.84004688821733,21.848297648131847,21.841062238439918,21.833084601908922,21.84409118257463,21.833922477439046,21.8380577377975,21.838435146957636,21.83325307816267,21.831761203706264,21.838894296437502,21.832167573273182,21.827128993347287,21.847887113690376,21.844106040894985,21.83149390295148,21.834412133321166,21.837525200098753,21.828937189653516,21.829044418409467
6,12.844028539955616,11.044007709249854,9.056870793923736,7.100226694718003,5.527973854914308,2.15625,5.495500082150102,7.222270084545016,7.698087345808744,9.494488310068846,10.28238546103239,13.958774708211422,15.289801705628633,18.22779579088092,20.11706488020718,20.167472323402762,18.618016818538308,17.68768904916942,20.446819046512246,17.37595118023455,17.104082161560655,13.113082848489285,10.863093407824636,11.821757026016712,15.769667671993375,15.338873693719506,13.492759294807911,16.574335414916277,18.88660178333521,17.896790374070406,18.052814750000834,20.5197880435735,20.920345958322287,20.515106225386262,21.237125480547547,21.687972432002425,21.668517427518964,21.64430776797235,21.803907686844468,21.817448349669576,21.808230916038156,21.81753215752542,21.828038753941655,21.838859682902694,21.841225177049637,21.83539072610438,21.835247956216335,21.840252371504903,21.8350923191756,21.838443096727133,21.831086851656437,21.83476630412042,21.84836955741048,21.83820421434939,21.83161524683237,21.83857288211584,21.828900123015046,21.835252705961466,21.835541328415275,21.84806273318827,21.829094918444753,21.837028874084353,21.84689912945032,21.826084919273853,21.846555979922414,21.842181706801057,21.840979017317295,21.833672784268856,21.835519541054964,21.844343515112996,21.84091544151306
7,14.32821355946362,12.63844563625753,10.56045731715858,8.478326013311744,6.913488386198878,5.495500082150102,2.15625,5.527470089495182,7.077061541378498,7.958098761737347,8.312926288694143,11.995678849518299,13.589670425280929,16.637314727529883,19.46197695285082,20.073431495577097,17.588508505374193,16.574203541502357,20.06423932686448,16.143394831568003,15.710774475708604,11.524876089766622,9.46735205128789,10.877336064353585,14.623990662395954,14.381935698911548,12.938030453398824,15.996566142886877,18.307626105844975,17.637317799031734,18.126120913773775,20.680484922602773,21.00542119331658,20.813371067866683,21.39222937822342,21.75128156132996,21.733504759147763,21.737918596714735,21.82699871994555,21.84030825085938,21.823590589687228,21.833419812843204,21.83333618566394,21.834565745666623,21.836094569414854,21.8329373691231,21.8428534604609,21.835891107097268,21.831413680687547,21.833559826016426,21.850231429561973,21.851953484117985,21.840315584093332,21.83428738079965,21.850942054763436,21.83434963040054,21.84303032234311,21.832279678434134,21.833539621904492,21.838532496243715,21.84227405488491,21.83313444443047,21.84329747967422,21.833880266174674,21.844325287267566,21.840536085888743,21.83874503336847,21.828957656398416,21.832209723070264,21.842262122780085,21.82127504236996
8,15.07460305467248,13.68569858558476,11.837850071489811,9.951704604551196,7.9737919475883245,7.222270084545016,5.527470089495182,2.15625,5.560947114601731,6.905880566686392,5.9961795918643475,10.304379658773541,11.672994351014495,14.977306643500924,17.87260321341455,18.91968951560557,15.874107025563717,14.75101700425148,18.71802808344364,14.368026031181216,13.887017404660583,9.884451301768422,7.703488504514098,9.364789938554168,13.06747124157846,12.74714045226574,11.678208235651255,14.685560567304492,16.927260894328356,16.28767809085548,17.160474756732583,20.171178463846445,20.687049727886915,20.646932363510132,21.614313706755638,21.828482313081622,21.810254553332925,21.828149415552616,21.84230554662645,21.835915092378855,21.847686076536775,21.83663920685649,21.83194299414754,21.848192172124982,21.850977128371596,21.84865016490221,21.83300213329494,21.831798419356346,21.849147766828537,21.850465193390846,21.84853550978005,21.848759965971112,21.83210609667003,21.850473448634148,21.848513985052705,21.848605474457145,21.852038383483887,21.850411200895905,21.849634401500225,21.851970741525292,21.835955495014787,21.851068446412683,21.833971919491887,21.841307695955038,21.83571502007544,21.833156948909163,21.84642543271184,21.831869957968593,21.843548635020852,21.82907742075622,21.831559989601374
9,15.982848500832915,14.644104693084955,13.030435150489211,11.288637338206172,9.468891888856888,7.698087345808744,7.077061541378498,5.560947114601731,2.15625,5.294905731454492,7.15105289965868,10.640656409785151,11.579437853768468,15.431896232068539,17.69562676548958,19.202338222414255,16.183409046381712,14.065512713044882,17.407869905233383,12.846534442156553,12.587429003790021,8.245244067162275,6.686113366857171,6.89726048335433,10.66111795604229,10.9871911033988,9.370465707033873,11.737373538315296,14.521068885922432,14.393192632123828,14.691424384713173,17.583199044689536,18.881423654034734,19.018552785739303,20.136146061122417,21.610672548413277,21.780611341819167,21.77501965686679,21.830755019560456,21.83836985565722,21.841559095308185,21.843131955713034,21.850077833980322,21.848322335630655,21.849795781075954,21.84988233447075,21.833287935703993,21.835623614490032,21.851677305996418,21.832137130200863,21.84874235279858,21.848978297784925,21.850307935848832,21.848315382376313,21.848161298781633,21.84843156673014,21.849229529500008,21.8507492672652,21.849654465913773,21.850360644981265,21.836644500494003,21.852301662787795,21.832172885537148,21.841626215726137,21.84195102751255,21.83431409485638,21.840161541476846,21.84071950800717,21.84476293064654,21.82968759164214,21.83722088113427
10,17.422401061281562,16.307605743408203,14.73590999096632,13.441070115193725,11.395301137119532,9.494488310068846,7.958098761737347,6.905880566686392,5.294905731454492,2.15625,5.738938257098198,7.670063151046634,10.197080669924617,13.62901526875794,15.637895200401545,17.94780907779932,15.495536332949996,13.560183983296156,16.525219570845366,11.779522966593504,9.976966354995966,6.283357849344611,7.260635601356626,6.9883857779204845,9.895694319158792,11.327780419960618,11.122835317626595,12.459584172815084,14.89650771394372,15.84127028286457,16.487054573372006,18.48486588895321,19.9526353366673,20.882580008357763,21.620677031576633,21.82550117559731,21.82117305882275,21.821334490552545,21.847669070586562,21.83549685589969,21.848253190517426,21.833727268502116,21.850467082113028,21.847968600690365,21.849419133737683,21.849938604980707,21.83568554185331,21.830707827582955,21.85008965432644,21.85193718597293,21.84913575462997,21.84898303821683,21.849765058606863,21.85030129365623,21.84812740981579,21.848134867846966,21.84986401349306,21.851089296862483,21.848692229017615,21.84808110445738,21.83365279249847,21.85102428495884,21.849647914990783,21.83318967372179,21.83517093397677,21.83191853016615,21.83352568745613,21.84317272529006,21.847409319132566,21.846357502043247,21.834221171215177
11,17.09731138125062,16.35695766657591,14.6657759770751,13.411638734862208,11.51373110897839,10.28238546103239,8.312926288694143,5.9961795918643475,7.15105289965868,5.738938257098198,2.15625,5.553089363500476,7.460342345759273,10.522165846079588,13.544863697141409,14.944315267726779,12.15640265494585,11.219141287729144,15.40329235047102,11.224671201780438,10.074130047112703,6.6906339060515165,6.023088522255421,8.68750375136733,10.717935305088758,10.64403316937387,11.488843565806746,14.12961164675653,15.467394147068262,15.810974473133683,17.601611169055104,19.799825808033347,20.216276962310076,21.155051512643695,21.79928394407034,21.83644475787878,21.836873218417168,21.83490163087845,21.835968675091863,21.85044381581247,21.83270798623562,21.849080743268132,21.848413011059165,21.846870029345155,21.847963457927108,21.846790900453925,21.85090123489499,21.830463645979762,21.847885569557548,21.850128546357155,21.846163030713797,21.846776923164725,21.848390636965632,21.84864978119731,21.845992743968964,21.847086891531944,21.84876886382699,21.848951123654842,21.847605261951685,21.848708691075444,21.833799187093973,21.848862309008837,21.85069190710783,21.835315572097898,21.835922366008162,21.851667162030935,21.836944721639156,21.830582838505507,21.84414768218994,21.845455138012767,21.84398484416306
12,18.932421576231718,18.67768132686615,17.641997676342726,16.68322255089879,15.068798312917352,13.958774708211422,11.995678849518299,10.304379658773541,10.640656409785151,7.670063151046634,5.553089363500476,2.15625,5.676089096814394,7.492993026971817,9.611926348879933,11.937121180817485,10.4696792550385,9.587169678881764,13.05532448925078,9.709283327683806,7.0288649443537,6.432799028232694,8.079505153000355,10.422302104532719,10.152089219540358,10.944474656134844,13.511060040444136,15.061606332659721,15.431870024651289,16.96727702394128,19.254066433757544,20.342325124889612,20.698937259614468,21.65430372580886,21.82225276902318,21.820944199338555,21.828471278771758,21.844298016279936,21.84714889153838,21.84343590028584,21.843893038108945,21.851799683645368,21.83095821365714,21.84880100376904,21.848250847309828,21.848149770870805,21.834899108856916,21.83329731412232,21.84885234758258,21.851932367309928,21.84857955761254,21.848371950909495,21.850991122424603,21.851980332285166,21.84800995886326,21.84849077835679,21.831992838531733,21.85042635165155,21.85011825710535,21.851865723729134,21.839306954294443,21.85024020075798,21.83290573209524,21.840718656778336,21.837519504129887,21.83353559859097,21.839326633140445,21.829963270574808,21.829211305826902,21.848261885344982,21.835168661549687
13,19.34063238091767,19.123296374455094,18.230391511693597,17.522540660575032,16.05437090806663,15.289801705628633,13.589670425280929,11.672994351014495,11.579437853768468,10.197080669924617,7.460342345759273,5.676089096814394,2.15625,5.551967855542898,7.586667949333787,9.074662379920483,6.307100001722574,4.492281824350357,8.89451183564961,6.164504803717136,6.739408081397414,6.78130672685802,6.692462185397744,10.294839072972536,8.66548452526331,7.362859224900603,11.366828139871359,13.281904065981507,12.15919773094356,13.27470458112657,16.69693431444466,17.674692630767822,16.91991724818945,19.256169399246573,21.630410201847553,21.628724804148078,21.76609969139099,21.837947322055697,21.832591934129596,21.839492378756404,21.84493496455252,21.850165624171495,21.832326542586088,21.848683550953865,21.848158864304423,21.847085785120726,21.852394917979836,21.851252092048526,21.848099913448095,21.832828156650066,21.84695002064109,21.847369138151407,21.850415932014585,21.84926338493824,21.846570221707225,21.849264979362488,21.852420464158058,21.850356364622712,21.848429784178734,21.852779492735863,21.843501649796963,21.849746325984597,21.83309479802847,21.843715738505125,21.84094350785017,21.852429943159223,21.848863707855344,21.83515552803874,21.83313243277371,21.846022233366966,21.839447299018502
14,19.75490819476545,19.81744576059282,19.736556954681873,19.307863427326083,18.681589717045426,18.22779579088092,16.637314727529883,14.977306643500924,15.431896232068539,13.62901526875794,10.522165846079588,7.492993026971817,5.551967855542898,2.15625,5.610782129690051,5.218841090798378,4.942257430404425,6.926110755652189,10.645640645176172,10.278471767902374,9.76376817561686,11.094413936138153,11.319877265021205,15.166592683643103,13.202751455828547,11.924275720492005,16.193995006382465,18.19540286436677,16.445478815585375,17.446904568001628,21.330483248457313,21.62113588117063,20.692846754565835,21.766131365671754,21.82999885827303,21.82760021649301,21.826039519160986,21.844693176448345,21.83531864359975,21.836511846631765,21.83430716767907,21.848228126764297,21.849601686000824,21.84664721414447,21.846368055790663,21.845856161788106,21.85117419064045,21.852238200604916,21.846584601327777,21.850543163716793,21.847507644444704,21.847533663734794,21.84996709227562,21.850515484809875,21.84681891463697,21.84851618669927,21.832380948588252,21.84952350705862,21.84895809739828,21.852215562015772,21.835083056241274,21.849883798509836,21.8326606862247,21.84091261960566,21.833246057853103,21.85205987468362,21.842153061181307,21.82782972790301,21.845074163749814,21.84737577661872,21.833437448367476
15,20.594491492956877,20.569692101329565,20.553501861169934,20.39725635200739,20.26462254486978,20.11706488020718,19.46197695285082,17.87260321341455,17.69562676548958,15.637895200401545,13.544863697141409,9.611926348879933,7.586667949333787,5.610782129690051,2.15625,5.512891262769699,7.5798197984695435,7.351146947592497,7.973448300734162,9.310411863029003,8.304742563515902,11.81491314433515,13.624434186145663,16.058302523568273,12.619455106556416,12.440448943525553,17.32589852064848,17.95753586664796,15.600582728162408,17.82880082167685,21.437825424596667,20.980146896094084,19.969367066398263,21.77888722345233,21.842269472777843,21.819271560758352,21.83279507420957,21.849352810531855,21.83787058480084,21.843056740239263,21.844845097512007,21.848610427230597,21.849379120394588,21.84585602208972,21.846424654126167,21.845566544681787,21.852737560868263,21.849924674257636,21.846479376778007,21.84981518238783,21.846527190878987,21.8472517170012,21.85058962367475,21.850289527326822,21.84655617363751,21.849354192614555,21.852889010682702,21.849109502509236,21.849757459014654,21.836477745324373,21.835723996162415,21.84904632344842,21.835383236408234,21.84987581707537,21.84116254001856,21.8341267388314,21.849287573248148,21.842299785465002,21.835926368832588,21.84088439680636,21.83911507949233
16,20.072978854179382,20.222437584772706,20.247202506288886,20.23946527764201,20.345639526844025,20.167472323402762,20.073431495577097,18.91968951560557,19.202338222414255,17.94780907779932,14.944315267726779,11.937121180817485,9.074662379920483,5.218841090798378,5.512891262769699,2.15625,5.236868044361472,8.250516770407557,10.399227751418948,12.194220196455717,12.549152737483382,14.95277463272214,15.110458703711629,18.79049665108323,15.96608892455697,14.104491658508778,18.968312608078122,20.755037000402808,17.846753306686878,18.891584251075983,21.780814612284303,21.7650783136487,21.27998417429626,21.812641505151987,21.83056154102087,21.82697685621679,21.825025118887424,21.838191740214825,21.852326467633247,21.83428909443319,21.832922922447324,21.846382725983858,21.85098259523511,21.845738872885704,21.846745630726218,21.84553800523281,21.85020963847637,21.850800063461065,21.846184518188238,21.848848206922412,21.845927568152547,21.84973381459713,21.849960757419467,21.831258522346616,21.847116203978658,21.85222351923585,21.83336660452187,21.849355217069387,21.851472491398454,21.83952491544187,21.839751482009888,21.850434329360723,21.84037925489247,21.8331369291991,21.83854648284614,21.834859488531947,21.830125669017434,21.840289320796728,21.829803658649325,21.836131738498807,21.831647688522935
17,19.563440687954426,19.79181107506156,19.2834844160825,19.2546101603657,18.80201482400298,18.618016818538308,17.588508505374193,15.874107025563717,16.183409046381712,15.495536332949996,12.15640265494585,10.4696792550385,6.307100001722574,4.942257430404425,7.5798197984695435,5.236868044361472,2.15625,4.882008662447333,9.046134993433952,9.63061786070466,11.366345969960093,12.368215572088957,11.151212522760034,15.549690747633576,13.294002642855048,10.305543653666973,14.896221140399575,17.399434722959995,14.714476518332958,14.864289060235023,19.515454929322004,20.21654637157917,17.99874721094966,20.52292839437723,21.840220157057047,21.81413521245122,21.771646743640304,21.83780957572162,21.8486390337348,21.8341502584517,21.837066819891334,21.84537559747696,21.847531033679843,21.844942521303892,21.8460108153522,21.844848480075598,21.848773119971156,21.85074445605278,21.845770006999373,21.84961185231805,21.845767803490162,21.84610389173031,21.848068978637457,21.847506998106837,21.845615800470114,21.848315289244056,21.851326156407595,21.84822165966034,21.847484931349754,21.8526571970433,21.834032712504268,21.849901920184493,21.831558180972934,21.844175023958087,21.834500532597303,21.852278595790267,21.8421629704535,21.84784073382616,21.841000186279416,21.84407003596425,21.840823508799076
18,19.882553804665804,19.96817978657782,19.468790056183934,19.16556248255074,18.208872826769948,17.68768904916942,16.574203541502357,14.75101700425148,14.065512713044882,13.560183983296156,11.219141287729144,9.587169678881764,4.492281824350357,6.926110755652189,7.351146947592497,8.250516770407557,4.882008662447333,2.15625,5.563666682690382,4.921764969825745,8.24474878422916,9.155404757708311,8.64850778132677,11.991723468527198,9.010081119835377,6.257971813902259,11.283310398459435,13.041335383430123,10.245624370872974,11.246737711131573,15.630889162421227,15.887138895690441,14.261484218761325,17.222635429352522,20.251106278970838,19.579704763367772,19.713544107973576,21.81596677005291,21.84266403876245,21.84547608718276,21.8466804549098,21.84584940969944,21.846590980887413,21.84482597373426,21.845702078193426,21.844851683825254,21.846425456926227,21.847411882132292,21.845489805564284,21.84702536277473,21.84540199302137,21.84569784067571,21.846942951902747,21.846365494653583,21.84488980844617,21.846625044941902,21.848960235714912,21.846482625231147,21.84674320369959,21.849360605701804,21.85216440446675,21.847999760881066,21.832722660154104,21.840291211381555,21.85204275138676,21.850476749241352,21.840120000764728,21.841221071779728,21.84715417958796,21.839798716828227,21.831550469622016
19,21.04368159547448,21.05951857753098,21.019089998677373,20.849715389311314,20.713341431692243,20.446819046512246,20.06423932686448,18.71802808344364,17.407869905233383,16.525219570845366,15.40329235047102,13.05532448925078,8.89451183564961,10.645640645176172,7.973448300734162,10.399227751418948,9.046134993433952,5.563666682690382,2.15625,5.383864616975188,8.783622145652771,11.409368960186839,12.545641964301467,13.911411847919226,9.271593671292067,8.261875404044986,13.243078852072358,12.975987024605274,8.966448346152902,11.722942136228085,15.759976398199797,14.241358825936913,12.560434622690082,16.879912553355098,19.092724718153477,17.11270417831838,18.077197421342134,21.641595233231783,21.81196261383593,21.511243598535657,21.831788113340735,21.847262425348163,21.849144153296947,21.845322972163558,21.847143940627575,21.845072470605373,21.848029751330614,21.848002949729562,21.845015531405807,21.85177726484835,21.846292907372117,21.846716606989503,21.83319867774844,21.85134536959231,21.845034388825297,21.833130661398172,21.82960046827793,21.853119362145662,21.85313529148698,21.828506138175726,21.8479678966105,21.832566441968083,21.842372158542275,21.822958013042808,21.84028152562678,21.842745972797275,21.83123552799225,21.838326402008533,21.83934641443193,21.827262979000807,21.835168415680528
20,20.333788314834237,20.32830536738038,19.94509296119213,19.41449257545173,18.371761694550514,17.37595118023455,16.143394831568003,14.368026031181216,12.846534442156553,11.779522966593504,11.224671201780438,9.709283327683806,6.164504803717136,10.278471767902374,9.310411863029003,12.194220196455717,9.63061786070466,4.921764969825745,5.383864616975188,2.15625,5.533491337671876,6.397760018706322,7.838514242321253,8.662109885364771,4.331482341513038,4.17256597802043,8.903661731630564,8.881381575018167,6.752822261303663,9.584453837946057,12.676376145333052,12.296993598341942,12.12438827753067,15.392919627949595,17.349435232579708,16.782449515536427,18.24307518452406,21.049744052812457,21.811782522127032,21.840881874784827,21.851136185228825,21.845076402649283,21.84495004080236,21.844706770032644,21.84440841525793,21.844993194565177,21.84486117772758,21.84549039416015,21.845333386212587,21.846261098980904,21.845212349668145,21.844535382464528,21.84525858052075,21.84648661315441,21.844681404531002,21.844652496278286,21.84697995148599,21.84614054299891,21.8462049420923,21.84972356259823,21.83197936974466,21.847307719290257,21.850468885153532,21.849892482161522,21.8335230499506,21.850974693894386,21.83777343854308,21.8298917170614,21.844952767714858,21.84392507188022,21.831792511045933
21,20.4202477671206,20.344235841184855,19.90578004717827,19.50400772318244,18.378265848383307,17.104082161560655,15.710774475708604,13.887017404660583,12.587429003790021,9.976966354995966,10.074130047112703,7.0288649443537,6.739408081397414,9.76376817561686,8.304742563515902,12.549152737483382,11.366345969960093,8.24474878422916,8.783622145652771,5.533491337671876,2.15625,4.915368687361479,9.294732773676515,9.12018439359963,5.850356139242649,8.791639162227511,12.219047416001558,11.596463087946177,11.19748000241816,14.529984999448061,16.63808700442314,16.25075004249811,17.08966581709683,20.3732818197459,21.585318122059107,21.32578150369227,21.825418861582875,21.833482453599572,21.8527194224298,21.84998713247478,21.846588799729943,21.845375070348382,21.845862740650773,21.844656405970454,21.845231734216213,21.844309519976377,21.847292901948094,21.84717141278088,21.844543119892478,21.84654662385583,21.845065033063293,21.845303159207106,21.845449414104223,21.84610277786851,21.84453146532178,21.845333943143487,21.846625065431,21.84622948616743,21.84629320912063,21.84794018790126,21.852509677410126,21.846732020378113,21.85060428082943,21.84570375457406,21.833397686481476,21.85058142989874,21.846093371510506,21.836500771343708,21.828309109434485,21.83158105239272,21.8436775226146
22,19.083739437162876,18.543784176930785,17.282743824645877,16.304596908390522,14.82017557695508,13.113082848489285,11.524876089766622,9.884451301768422,8.245244067162275,6.283357849344611,6.6906339060515165,6.432799028232694,6.78130672685802,11.094413936138153,11.81491314433515,14.95277463272214,12.368215572088957,9.155404757708311,11.409368960186839,6.397760018706322,4.915368687361479,2.15625,5.3141828291118145,4.768791422247887,4.693605411797762,7.056087352335453,8.761007310822606,9.252658430486917,10.571457469835877,12.61897474899888,14.020798163488507,15.115091115236282,16.368359368294477,18.50757926888764,19.890242729336023,20.683395074680448,21.84285306185484,21.834528716281056,21.832959085702896,21.846414925530553,21.845845879986882,21.84535413607955,21.84475219063461,21.84441764652729,21.844329060986638,21.84427347406745,21.84532674588263,21.845342146232724,21.84422078728676,21.84545767493546,21.844196122139692,21.844299126416445,21.84444576688111,21.844600023701787,21.844325188547373,21.84475545398891,21.845624536275864,21.845053523778915,21.845237949863076,21.84675326384604,21.850341835990548,21.84591569006443,21.847794733941555,21.83348909020424,21.850385883823037,21.848290672525764,21.85113501921296,21.83847238495946,21.83931113779545,21.836298372596502,21.84269380196929
23,17.4233381729573,16.603700691834092,15.02879562228918,13.823201408609748,12.026556292548776,10.863093407824636,9.46735205128789,7.703488504514098,6.686113366857171,7.260635601356626,6.023088522255421,8.079505153000355,6.692462185397744,11.319877265021205,13.624434186145663,15.110458703711629,11.151212522760034,8.64850778132677,12.545641964301467,7.838514242321253,9.294732773676515,5.3141828291118145,2.15625,5.4468626622110605,7.341404462233186,5.625441724434495,6.141814943403006,9.65046132542193,10.730396313592792,10.379337882623076,12.43239813670516,15.066016530618072,15.361006207764149,16.249682929366827,18.73934825696051,20.240430261939764,20.898130787536502,21.82477644085884,21.85198736935854,21.846276070922613,21.847825035452843,21.845434652641416,21.844494551420212,21.844322120770812,21.844385769218206,21.84414835833013,21.844568844884634,21.84482620842755,21.844369320198894,21.845232505351305,21.844479074701667,21.844297282397747,21.844196531921625,21.844518430531025,21.84427767433226,21.84414533339441,21.844502441585064,21.84520799666643,21.84456712938845,21.844791989773512,21.84642146155238,21.845969513058662,21.846106430515647,21.848472936078906,21.84789425879717,21.847400998696685,21.850742526352406,21.834029350429773,21.834480306133628,21.83523780107498,21.840080151334405
24,18.538690205663443,17.845052735880017,16.473741987720132,15.281948376446962,13.584646377712488,11.821757026016712,10.877336064353585,9.364789938554168,6.89726048335433,6.9883857779204845,8.68750375136733,10.422302104532719,10.294839072972536,15.166592683643103,16.058302523568273,18.79049665108323,15.549690747633576,11.991723468527198,13.911411847919226,8.662109885364771,9.12018439359963,4.768791422247887,5.4468626622110605,2.15625,5.344224687665701,7.295379037037492,5.750062918290496,6.282294105738401,9.644180512055755,10.802590418606997,10.656730519607663,12.757388435304165,14.855620943009853,15.869722355157137,16.795629754662514,18.690959703177214,20.606442527845502,21.388476200401783,21.833196176216006,21.850581038743258,21.84704715013504,21.847218276932836,21.845108103007078,21.84460996836424,21.844564432278275,21.844330308958888,21.845113357529044,21.845227962359786,21.844412749633193,21.845812868326902,21.844264809042215,21.84436416067183,21.84482162632048,21.844673335552216,21.844409151002765,21.84439797140658,21.84544336423278,21.845545023679733,21.845149494707584,21.845403073355556,21.848791554570198,21.84632441587746,21.847276529297233,21.831824027001858,21.85103520937264,21.848764015361667,21.851594341918826,21.83669745735824,21.84047974832356,21.839574594050646,21.845864608883858
25,20.162759751081467,19.916026717051864,19.153435423970222,18.588838931173086,17.210405431687832,15.769667671993375,14.623990662395954,13.06747124157846,10.66111795604229,9.895694319158792,10.717935305088758,10.152089219540358,8.66548452526331,13.202751455828547,12.619455106556416,15.96608892455697,13.294002642855048,9.010081119835377,9.271593671292067,4.331482341513038,5.850356139242649,4.693605411797762,7.341404462233186,5.344224687665701,2.15625,5.306592490524054,7.313702078536153,5.815222572535276,6.338958323001862,9.670845076441765,10.875342706218362,10.84141311980784,12.422345934435725,15.088638637214899,16.0248483158648,16.390830690041184,18.680712092667818,20.59710300900042,21.40322792902589,21.839004980400205,21.851459013298154,21.84624688141048,21.845338040962815,21.844968050718307,21.84458154439926,21.844673950225115,21.845118762925267,21.845640318468213,21.84470906853676,21.846037425100803,21.84492060355842,21.845373606309295,21.845154874026775,21.84605050086975,21.84496469795704,21.84484751150012,21.846378015354276,21.846384866163135,21.846304005011916,21.849062019959092,21.85246119275689,21.847068535164,21.852807223796844,21.84776548296213,21.83730286732316,21.83186818100512,21.838561875745654,21.829387770965695,21.84903054125607,21.83073447458446,21.833614455536008
26,19.30744161643088,19.04533975198865,18.11510656774044,17.54130638204515,16.169197969138622,15.338873693719506,14.381935698911548,12.74714045226574,10.9871911033988,11.327780419960618,10.64403316937387,10.944474656134844,7.362859224900603,11.924275720492005,12.440448943525553,14.104491658508778,10.305543653666973,6.257971813902259,8.261875404044986,4.17256597802043,8.791639162227511,7.056087352335453,5.625441724434495,7.295379037037492,5.306592490524054,2.15625,5.319097327068448,7.310686534270644,5.71116297878325,6.232119724154472,9.720134733244777,10.917166333645582,10.327882232144475,12.456595495343208,15.063420720398426,15.498981380835176,16.23268226161599,18.55569775030017,20.483683137223125,21.017150670289993,21.823207210749388,21.847660267725587,21.844530187547207,21.844819186255336,21.844865631312132,21.8445335123688,21.84480419754982,21.84530857950449,21.8448155708611,21.845334496349096,21.844631351530552,21.844523629173636,21.84471662901342,21.845157185569406,21.84427216090262,21.844230007380247,21.845265824347734,21.84547839127481,21.844899248331785,21.84565511904657,21.848128862679005,21.846214855089784,21.849148616194725,21.852256309241056,21.85018573142588,21.849098859354854,21.836144227534533,21.83719978481531,21.840730296447873,21.83998221717775,21.841599004343152
27,18.345356645062566,17.697575736790895,16.587745044380426,15.798927281051874,14.396132035180926,13.492759294807911,12.938030453398824,11.678208235651255,9.370465707033873,11.122835317626595,11.488843565806746,13.511060040444136,11.366828139871359,16.193995006382465,17.32589852064848,18.968312608078122,14.896221140399575,11.283310398459435,13.243078852072358,8.903661731630564,12.219047416001558,8.761007310822606,6.141814943403006,5.750062918290496,7.313702078536153,5.319097327068448,2.15625,5.345626994967461,7.260376427322626,5.746584579348564,6.360858481377363,9.784723687916994,10.620679968968034,10.690954556688666,12.73099129460752,14.944414990022779,15.802036199718714,16.51899005100131,18.905706526711583,20.60775500535965,21.211820520460606,21.83985743485391,21.846299167722464,21.845074731856585,21.844974022358656,21.844500521197915,21.84471334889531,21.84491434507072,21.84455220773816,21.844964738935232,21.84446952305734,21.84424058906734,21.844358880072832,21.844670321792364,21.84429278410971,21.844192247837782,21.845006812363863,21.845014173537493,21.84484200179577,21.845718204975128,21.847533501684666,21.84534838423133,21.847530165687203,21.851387048140168,21.84860870614648,21.848129460588098,21.832683453336358,21.835475105792284,21.834574600681663,21.8374955188483,21.84108072333038
28,20.16891406662762,19.88829367980361,19.175233894959092,18.845560878515244,17.713060224428773,16.574335414916277,15.996566142886877,14.685560567304492,11.737373538315296,12.459584172815084,14.12961164675653,15.061606332659721,13.281904065981507,18.19540286436677,17.95753586664796,20.755037000402808,17.399434722959995,13.041335383430123,12.975987024605274,8.881381575018167,11.596463087946177,9.252658430486917,9.65046132542193,6.282294105738401,5.815222572535276,7.310686534270644,5.345626994967461,2.15625,5.332311732694507,7.3639634270220995,5.818381797522306,6.533957038074732,9.695140788331628,11.10942517220974,11.022073652595282,12.633010048419237,15.238735234364867,16.036168862134218,16.80955192260444,19.003898736089468,20.7573698554188,21.466841587796807,21.84786143153906,21.845827534794807,21.84556951932609,21.84482341259718,21.846346709877253,21.84574813582003,21.84455256536603,21.845316184684634,21.84473066031933,21.844679383561015,21.844952462241054,21.84562649950385,21.845030395314097,21.84551348350942,21.84679413586855,21.84628862887621,21.846268456429243,21.851469606161118,21.832670306786895,21.847654471173882,21.832902789115906,21.842188078910112,21.83358764834702,21.851349133998156,21.836939223110676,21.844363490119576,21.841905489563942,21.840184709057212,21.846334975212812
29,20.76511299237609,20.685341384261847,20.285881778225303,20.069701340049505,19.65230597741902,18.88660178333521,18.307626105844975,16.927260894328356,14.521068885922432,14.89650771394372,15.467394147068262,15.431870024651289,12.15919773094356,16.445478815585375,15.600582728162408,17.846753306686878,14.714476518332958,10.245624370872974,8.966448346152902,6.752822261303663,11.19748000241816,10.571457469835877,10.730396313592792,9.644180512055755,6.338958323001862,5.71116297878325,7.260376427322626,5.332311732694507,2.15625,5.288330025970936,7.276574360206723,5.817518791183829,6.1569690480828285,9.691428005695343,10.855659697204828,10.404892090708017,12.321384293958545,14.880476873368025,15.634257124736905,16.361649880185723,18.558572916314006,20.401667773723602,21.458380373194814,21.84919367916882,21.85319464839995,21.84607351757586,21.849111184477806,21.850817747414112,21.84508343413472,21.849362133070827,21.845165261998773,21.844938807189465,21.850232696160674,21.84873657859862,21.844621442258358,21.84919325262308,21.84755899757147,21.84742572531104,21.847769984975457,21.83989136107266,21.83727279677987,21.847647607326508,21.847420347854495,21.830663416534662,21.838235521689057,21.83221996948123,21.840324372053146,21.82778038084507,21.83089297451079,21.83242109231651,21.832735685631633
30,19.827868465334177,19.79535450041294,19.14964852668345,19.016354836523533,18.449408465996385,17.896790374070406,17.637317799031734,16.28767809085548,14.393192632123828,15.84127028286457,15.810974473133683,16.96727702394128,13.27470458112657,17.446904568001628,17.82880082167685,18.891584251075983,14.864289060235023,11.246737711131573,11.722942136228085,9.584453837946057,14.529984999448061,12.61897474899888,10.379337882623076,10.802590418606997,9.670845076441765,6.232119724154472,5.746584579348564,7.3639634270220995,5.288330025970936,2.15625,5.395552773028612,7.315789768472314,5.483291069045663,6.285748407244682,9.68456339277327,10.641389943659306,10.5446901563555,12.411267422139645,14.942581923678517,15.651767820119858,16.31441428884864,18.558413960039616,20.660442842170596,21.84388953819871,21.834389355033636,21.847954735159874,21.842686623334885,21.849963687360287,21.844862217083573,21.8461542930454,21.844786427915096,21.844591315835714,21.847826588898897,21.845609666779637,21.844364630058408,21.84563560783863,21.85005084052682,21.846012549474835,21.84528142027557,21.851578744128346,21.850887302309275,21.846085807308555,21.84911121428013,21.83981580659747,21.851159596815705,21.84829344600439,21.83495702035725,21.8405393473804,21.836222795769572,21.835751309990883,21.837098337709904
