,1,2,3,4,5,6,7,8,9,10,11,12,13,14,15,16,17,18,19,20,21,22,23,24,25,26,27,28,29,30,31,32,33,34,35,36,37,38,39,40,41,42,43,44,45,46,47,48,49,50,51,52,53,54,55,56,57,58,59,60,61,62,63,64,65,66,67,68,69,70,71
1,2.15625,5.524931835010648,7.188681427389383,9.337246142327785,10.833102582022548,12.984297785907984,14.411276722326875,15.104829709976912,16.238444816321135,17.148950206115842,17.21266247332096,19.18567361496389,19.72241778858006,20.302595948800445,20.95953677035868,20.68049375899136,20.22786310687661,20.212396265938878,21.26862727664411,20.40734981186688,20.57621100358665,19.23602993041277,18.05709503032267,18.71112383157015,20.30434744618833,19.832421958446503,18.74088536016643,20.149663094431162,20.83425278775394,20.27137198112905,19.926822043955326,20.920573638752103,21.23030443303287,20.848466465249658,21.19024400226772,21.623219825327396,21.5877605099231,21.474747832864523,21.667231414467096,21.761052194982767,21.73819448798895,21.741291917860508,21.80625954642892,21.826573207974434,21.835396323353052,21.825077520683408,21.820067901164293,21.835998432710767,21.835217963904142,21.831431644037366,21.82844520173967,21.836545316502452,21.83759767562151,21.837324926629663,21.831734478473663,21.832417145371437,21.831558510661125,21.825549624860287,21.843814810737967,21.8333140630275,21.815157970413566,21.838013196364045,21.821948628872633,21.81646808795631,21.837248146533966,21.823614358901978,21.815273862332106,21.81446284428239,21.826512871310115,21.829041589051485,21.80070772394538
2,5.524931835010648,2.15625,5.561960224062204,7.163400076329708,9.33964516967535,11.127511506900191,12.876243012025952,13.795252948999405,15.041602233424783,16.433133654296398,16.60709716193378,18.913698641583323,19.5672860275954,20.195197086781263,20.939388759434223,20.865204755216837,20.429533395916224,20.46236291527748,21.29303259588778,20.56613535247743,20.49309824220836,18.8090083822608,17.388929050415754,18.02291745506227,20.136300463229418,19.746693789958954,18.45992762222886,20.031853651627898,20.848276859149337,20.315745079889894,20.081873966380954,21.055910099297762,21.34312487207353,21.01924853026867,21.294599125161767,21.676770387217402,21.691324062645435,21.595530232414603,21.74716392531991,21.800061440095305,21.785274658352137,21.806179884821177,21.82724018394947,21.827341925352812,21.824686037376523,21.83205451257527,21.826637499034405,21.83702934719622,21.846901120617986,21.83262938261032,21.840578658506274,21.827425183728337,21.83833227492869,21.831324823200703,21.838914500549436,21.83573584072292,21.826462861150503,21.848527170717716,21.827686658129096,21.837616650387645,21.84128717146814,21.847020726650953,21.84359420835972,21.833902280777693,21.837047120556235,21.83969640918076,21.823807196691632,21.82711647078395,21.81784034706652,21.820340391248465,21.81452221609652
3,7.188681427389383,5.561960224062204,2.15625,5.609730374068022,7.127957766875625,9.119570529088378,10.594039848074317,11.721359077841043,13.030386606231332,14.291517090052366,14.37335149012506,17.6586340572685,18.712506987154484,20.080378146842122,20.891821125522256,20.848055206239223,20.284617092460394,20.017522539943457,21.254513135179877,19.98582041449845,19.844470914453268,17.234279237687588,15.361700976267457,16.215387113392353,19.118980076164007,18.54165722243488,17.087614703923464,19.29622122645378,20.319617254659534,19.711132250726223,19.77159189246595,20.941862527281046,21.146228440105915,20.84738064557314,21.251553043723106,21.65982144512236,21.67508781142533,21.56951654329896,21.774096393957734,21.818176480010152,21.788258742541075,21.796845573931932,21.820336351171136,21.84190695732832,21.84055007249117,21.846647527068853,21.838304165750742,21.829839326441288,21.84780147857964,21.828748119994998,21.84035710245371,21.84418435394764,21.843504259362817,21.84716309607029,21.836755458265543,21.839857950806618,21.845856450498104,21.846333265304565,21.843145025894046,21.833362573757768,21.832630364224315,21.847250372171402,21.843137685209513,21.829083390533924,21.82337023317814,21.83916285634041,21.831106420606375,21.810360327363014,21.82507131062448,21.81142851151526,21.803304594010115
4,9.337246142327785,7.163400076329708,5.609730374068022,2.15625,5.574624702334404,7.10287600941956,8.533087432384491,9.777893964201212,11.293418547138572,12.970786683261395,12.93239768780768,16.620843071490526,17.64938360080123,19.642462085932493,20.775663640350103,20.79852449707687,20.10279836691916,19.621636433526874,21.158514415845275,19.5906214825809,19.299501920118928,15.991610050201416,13.97265299782157,14.840643985196948,18.349992474541068,17.96826379187405,16.206818539649248,18.7895839381963,20.234975086525083,19.48458183184266,19.42746665328741,20.927334586158395,21.24270679987967,20.93885568715632,21.35868505947292,21.715715704485774,21.73924294486642,21.681059081107378,21.793041551485658,21.821952112019062,21.812022188678384,21.811153665184975,21.83124473504722,21.832519562914968,21.842565294355154,21.827780654653907,21.827726803719997,21.840681897476315,21.847389778122306,21.83216101117432,21.838592847809196,21.829796850681305,21.83557308651507,21.82847224548459,21.839975582435727,21.841636246070266,21.841405196115375,21.82743132673204,21.827576396986842,21.837244084104896,21.828620832413435,21.84796947427094,21.825104704126716,21.81808893941343,21.82559928484261,21.837908137589693,21.824549620971084,21.82267157919705,21.82185254432261,21.818920033052564,21.815083159133792
5,10.833102582022548,9.33964516967535,7.127957766875625,5.574624702334404,2.15625,5.578664895147085,6.836316671222448,7.685020929202437,9.416280265897512,11.084424242377281,11.196500299498439,15.19470365718007,16.297008503228426,19.16444430872798,20.702403547242284,20.987790159881115,19.767144659534097,18.743353417143226,21.092225482687354,18.39348609559238,18.05140889249742,14.36584908887744,12.092406587675214,13.009383609518409,16.870384668931365,16.499173605814576,14.72158294916153,17.517424307763577,19.78953692317009,18.879448853433132,18.804354460909963,20.829692350700498,21.18523831292987,20.89306272007525,21.409560561180115,21.7151960413903,21.758181827142835,21.749410290271044,21.80959573201835,21.82416196539998,21.832215482369065,21.836349306628108,21.838042091578245,21.845434309914708,21.84570017270744,21.838864548131824,21.847618838772178,21.847733736038208,21.836319845169783,21.83840585500002,21.83341631665826,21.838363921269774,21.84558979421854,21.842003166675568,21.832372134551406,21.844352105632424,21.828207148239017,21.83789254911244,21.838608672842383,21.833483062684536,21.831952640786767,21.83674275688827,21.830434566363692,21.832080399617553,21.828974897041917,21.847113171592355,21.831835567951202,21.837391229346395,21.842642441391945,21.822408528998494,21.83155096694827
6,12.984297785907984,11.127511506900191,9.119570529088378,7.10287600941956,5.578664895147085,2.15625,5.543586980551481,7.150431422516704,7.553000690415502,9.071190737187862,9.949233481660485,13.728040352463722,15.378764051944017,18.73128259368241,20.4343108125031,20.800565799698234,19.716832591220737,18.12116982974112,20.79122320562601,17.224080104380846,16.515424402430654,12.512566596269608,10.946826728060842,11.158217087388039,15.232559395954013,15.543785154819489,13.626488028094172,16.199169050902128,18.948605412617326,18.369454408064485,18.270008308812976,20.669775979593396,21.163399174809456,21.003295997157693,21.452618157491088,21.74569457769394,21.768027445301414,21.763094080612063,21.822972336784005,21.83961369469762,21.833418687805533,21.830016184598207,21.82604500092566,21.838849483057857,21.842279804870486,21.834576692432165,21.83368049748242,21.845244854688644,21.83651325851679,21.84183606505394,21.832779604941607,21.8349536228925,21.84668298251927,21.841662673279643,21.852288018912077,21.839576655998826,21.848613964393735,21.835406446829438,21.835031608119607,21.847881292924285,21.830865617841482,21.83515989035368,21.843105433508754,21.827211435884237,21.847267113626003,21.8406940177083,21.834776174277067,21.834494365379214,21.83580107986927,21.83342097327113,21.834324300289154
7,14.411276722326875,12.876243012025952,10.594039848074317,8.533087432384491,6.836316671222448,5.543586980551481,2.15625,5.534838058054447,6.992076139897108,7.481408046558499,7.8185913767665625,11.955858437344432,13.907149113714695,17.21414604038,19.943460201844573,20.951331416144967,18.7721408624202,17.014258917421103,20.403184834867716,16.151442974805832,15.168944042176008,11.134645763784647,9.814026871696115,10.502714661881328,14.32069575600326,14.645986145362258,13.290978603065014,15.77365529537201,18.46544923633337,18.250205382704735,18.591476019471884,20.90345737338066,21.297880528494716,21.240209318697453,21.577192928642035,21.777009397745132,21.80534772761166,21.77830123528838,21.817524136975408,21.828831922262907,21.82756883651018,21.828512482345104,21.849197264760733,21.833835389465094,21.83650696836412,21.832095505669713,21.842032495886087,21.840359775349498,21.832060845568776,21.835325555875897,21.850979881361127,21.832282442599535,21.83713755197823,21.838915139436722,21.850573359057307,21.8355590775609,21.84093952178955,21.83279489353299,21.834371119737625,21.841538144275546,21.844035256654024,21.833364628255367,21.844904454424977,21.83282227255404,21.845770619809628,21.841944705694914,21.836635664105415,21.841690078377724,21.83173567801714,21.834439327940345,21.83346670307219
8,15.104829709976912,13.795252948999405,11.721359077841043,9.777893964201212,7.685020929202437,7.150431422516704,5.534838058054447,2.15625,5.582806512713432,7.008061667904258,5.994178935885429,10.544733310118318,11.798126358538866,15.304646415635943,18.26017141342163,19.50353633798659,16.419991962611675,14.699056444689631,18.67902935296297,14.213766725733876,13.757824160158634,9.653101844713092,7.501988332718611,9.19665964320302,12.82016365788877,12.514131836593151,11.379923518747091,14.45453317090869,16.67974210344255,16.223033441230655,17.007030680775642,20.024231119081378,20.688354631885886,20.655761817470193,21.642073664814234,21.824929183349013,21.836252856999636,21.836546063423157,21.83777843415737,21.836520666256547,21.845478262752295,21.836371852084994,21.835511788725853,21.849191753193736,21.83180533722043,21.849773118272424,21.83528020605445,21.83706217072904,21.850877264514565,21.830298831686378,21.849800009280443,21.831724965944886,21.834128607064486,21.83153360337019,21.849566290155053,21.85204054787755,21.832736222073436,21.852030102163553,21.83148045092821,21.836091047152877,21.838718755170703,21.852311071008444,21.838534358888865,21.830047249794006,21.839295959100127,21.837434723973274,21.831871999427676,21.83300363458693,21.8272059019655,21.827484868466854,21.828018369153142
9,16.238444816321135,15.041602233424783,13.030386606231332,11.293418547138572,9.416280265897512,7.553000690415502,6.992076139897108,5.582806512713432,2.15625,5.338695948943496,7.242938447743654,10.755985204130411,11.597209321334958,15.798530353233218,17.88845356181264,19.93348295800388,16.926889516413212,14.16311008296907,17.259304577484727,12.390947414562106,12.101597072556615,7.643216278403997,6.4749282989650965,6.424867369234562,10.134585715830326,10.635815044865012,9.071852521970868,11.353899816051126,14.163173900917172,14.195071624591947,14.358747147023678,17.067128892987967,18.57708308286965,18.888729641214013,20.054777389392257,21.62892065756023,21.78570290468633,21.803056063130498,21.834258886054158,21.833827370777726,21.837104072794318,21.837161688134074,21.83512844517827,21.85149515233934,21.832308746874332,21.83137030340731,21.84289187565446,21.83924545161426,21.832835284993052,21.835850570350885,21.831774473190308,21.830900438129902,21.835034200921655,21.83203987032175,21.85073207691312,21.852593582123518,21.833015885204077,21.832990476861596,21.852311704307795,21.833297504112124,21.844693828374147,21.83436724729836,21.837188579142094,21.848482690751553,21.844075633212924,21.837286533787847,21.84088585525751,21.843750115484,21.8468664791435,21.844350630417466,21.83574691042304
10,17.148950206115842,16.433133654296398,14.291517090052366,12.970786683261395,11.084424242377281,9.071190737187862,7.481408046558499,7.008061667904258,5.338695948943496,2.15625,5.761580690741539,7.698259375989437,10.297320537269115,13.975021610036492,15.84611008130014,18.36769102141261,16.296091644093394,13.626715138554573,16.613886270672083,11.809160843491554,9.909458838403225,6.291900699958205,7.639729714021087,7.211738726124167,9.959577238187194,11.505121055990458,11.508217254653573,12.702995952218771,15.087204493582249,16.179247327148914,16.887648947536945,18.75698979385197,20.20948047377169,21.151492113247514,21.74664346128702,21.82248575426638,21.818876832723618,21.824246371164918,21.836045706644654,21.84325797855854,21.82961997576058,21.84275134652853,21.83686493895948,21.831520784646273,21.833554603159428,21.83141975849867,21.844072928652167,21.8357456587255,21.831296944990754,21.83486762829125,21.850654888898134,21.85183528624475,21.83160069771111,21.831461410969496,21.84943783469498,21.85092953592539,21.832325970754027,21.851005824282765,21.85147663578391,21.85262966156006,21.84217708185315,21.850575543940067,21.831415897235274,21.839811416342854,21.836832035332918,21.832570465281606,21.83612320944667,21.845218311995268,21.84104430489242,21.84548282250762,21.826097801327705
11,17.21266247332096,16.60709716193378,14.37335149012506,12.93239768780768,11.196500299498439,9.949233481660485,7.8185913767665625,5.994178935885429,7.242938447743654,5.761580690741539,2.15625,5.601781254634261,7.363911211490631,10.477389546111226,13.60511888191104,15.18307856284082,12.604796892032027,11.08737637102604,15.38179525732994,11.296641310676932,10.116992250084877,6.877736302092671,6.427210237830877,9.059945778921247,11.004441179335117,10.766126040369272,11.723939156159759,14.475401582196355,15.645354541018605,16.03288002125919,17.86134491674602,20.035960303619504,20.403389828279614,21.327755691483617,21.819325191900134,21.836165690794587,21.842517379671335,21.846581544727087,21.83257832750678,21.85180924832821,21.833840427920222,21.851851725950837,21.850748425349593,21.847512666136026,21.84759045019746,21.847121497616172,21.833044860512018,21.831591956317425,21.848360968753695,21.84946584329009,21.846366681158543,21.84718601591885,21.851419603452086,21.84842525795102,21.845340687781572,21.847204245626926,21.849860524758697,21.84816499054432,21.84671359695494,21.85078634507954,21.836015824228525,21.84716916643083,21.850012538954616,21.83606117963791,21.833186943084,21.850670194253325,21.8381521794945,21.8454480022192,21.83992924541235,21.839715633541346,21.84009078145027
12,19.18567361496389,18.913698641583323,17.6586340572685,16.620843071490526,15.19470365718007,13.728040352463722,11.955858437344432,10.544733310118318,10.755985204130411,7.698259375989437,5.601781254634261,2.15625,5.692407052963972,7.621933296322823,9.635355312377214,12.163272397592664,10.930230390280485,9.422482432797551,12.893766466528177,9.716553937643766,7.197509448975325,6.596037482842803,8.394391732290387,10.861055815592408,10.326949728652835,10.993036236613989,13.754586501047015,15.31351031549275,15.487261075526476,17.08336678519845,19.414414504542947,20.488955622538924,20.781537299975753,21.665906112641096,21.825583659112453,21.82146424613893,21.82750747911632,21.841415839269757,21.846112184226513,21.84162302687764,21.844903467223048,21.83308325149119,21.833298986777663,21.848970353603363,21.850285613909364,21.848563050851226,21.83849054761231,21.835192054510117,21.84995542280376,21.831098595634103,21.848543314263225,21.84880747459829,21.832519436255097,21.852585235610604,21.84735363163054,21.85012091882527,21.833914430812,21.851605717092752,21.850329376757145,21.833447026088834,21.84370356798172,21.851508455350995,21.834799706935883,21.84778174199164,21.838841047137976,21.83565402030945,21.82847188040614,21.83718797378242,21.846436969935894,21.829646425321698,21.824341654777527
13,19.72241778858006,19.5672860275954,18.712506987154484,17.64938360080123,16.297008503228426,15.378764051944017,13.907149113714695,11.798126358538866,11.597209321334958,10.297320537269115,7.363911211490631,5.692407052963972,2.15625,5.554954910650849,7.598471898585558,9.262129038572311,6.819882158190012,4.32958316244185,8.753580933436751,6.091597495600581,6.806036783382297,6.811657590791583,6.868423467501998,10.50418958812952,8.750764343887568,7.318485278636217,11.357834074646235,13.285338938236237,12.16556454077363,13.24867513217032,16.643807712942362,17.6277741137892,16.90903691574931,19.175293538719416,21.62516917474568,21.621257873252034,21.77640338242054,21.839982826262712,21.835701670497656,21.84281993471086,21.84723987057805,21.83146214671433,21.83446343615651,21.848476130515337,21.84838224388659,21.847465589642525,21.833188511431217,21.851891892030835,21.848411362618208,21.83125022239983,21.847583085298538,21.847101794555783,21.831873033195734,21.84866726398468,21.84604032896459,21.84901220537722,21.833322267979383,21.84976574778557,21.847941560670733,21.834221955388784,21.843790078535676,21.84868018515408,21.83532983995974,21.828915739431977,21.839519338682294,21.832264725118876,21.83493315987289,21.82927463389933,21.83240016363561,21.8278676699847,21.840223152190447
14,20.302595948800445,20.195197086781263,20.080378146842122,19.642462085932493,19.16444430872798,18.73128259368241,17.21414604038,15.304646415635943,15.798530353233218,13.975021610036492,10.477389546111226,7.621933296322823,5.554954910650849,2.15625,5.600463159382343,5.41254211217165,5.115743927657604,6.660611202940345,10.414460139349103,10.24388956092298,10.02590206079185,11.326959254220128,11.57790095359087,15.33523815125227,13.333159720525146,11.899735931307077,16.188324024900794,18.265184292569757,16.37022066488862,17.338488578796387,21.278624249622226,21.651188844814897,20.509186428040266,21.765064297243953,21.84663798287511,21.817955866456032,21.83308083936572,21.844837924465537,21.83195335045457,21.839384557679296,21.833181153982878,21.84964120388031,21.851409748196602,21.846630601212382,21.84816331230104,21.846318311989307,21.852278012782335,21.833956526592374,21.84773358143866,21.849273847416043,21.847526321187615,21.847710642963648,21.85186984203756,21.848739460110664,21.845960661768913,21.848235491663218,21.83248228766024,21.848565636202693,21.84833267517388,21.83442271128297,21.838009230792522,21.849913351237774,21.83562212996185,21.828105146065354,21.834366470575333,21.836524825543165,21.83308283239603,21.830346807837486,21.829905081540346,21.839160965755582,21.826750673353672
15,20.95953677035868,20.939388759434223,20.891821125522256,20.775663640350103,20.702403547242284,20.4343108125031,19.943460201844573,18.26017141342163,17.88845356181264,15.84611008130014,13.60511888191104,9.635355312377214,7.598471898585558,5.600463159382343,2.15625,5.518334191292524,7.6652319021523,7.231973618268967,7.898819550871849,9.39812363870442,8.65014236792922,12.043219516053796,13.863070446997881,16.257174231112003,12.875400520861149,12.521931698545814,17.428237486630678,18.066313322633505,15.608675353229046,17.833998886868358,21.49514676257968,21.029857706278563,19.877289704978466,21.77253678254783,21.838391795754433,21.820461459457874,21.829909374937415,21.833383332937956,21.8408832103014,21.831864088773727,21.828674828633666,21.85171591863036,21.832840686663985,21.84699266590178,21.848026355728507,21.84610813856125,21.83471253141761,21.832081120461226,21.847359711304307,21.849333403632045,21.847553439438343,21.84803382307291,21.852766579017043,21.849992970004678,21.847306437790394,21.85022557526827,21.85242322087288,21.84961743466556,21.85082931816578,21.837044820189476,21.83935645967722,21.849817253649235,21.83690938912332,21.835858961567283,21.83959386125207,21.839073481038213,21.83292866125703,21.829799251630902,21.830155899748206,21.84070945903659,21.82654559239745
16,20.68049375899136,20.865204755216837,20.848055206239223,20.79852449707687,20.987790159881115,20.800565799698234,20.951331416144967,19.50353633798659,19.93348295800388,18.36769102141261,15.18307856284082,12.163272397592664,9.262129038572311,5.41254211217165,5.518334191292524,2.15625,5.183583004400134,8.166479919105768,10.179254172369838,12.250508833676577,12.785170903429389,15.186860451474786,15.428539106622338,19.006558548659086,16.11387499421835,14.154468031600118,19.078699896112084,20.840905517339706,17.76137045584619,18.859477825462818,21.772289725020528,21.77191462367773,21.157661059871316,21.80800634622574,21.83714914135635,21.82200837135315,21.837059445679188,21.843112172558904,21.83280054293573,21.840252267196774,21.839268492534757,21.84859099984169,21.851899405941367,21.846382666379213,21.848357873037457,21.847594471648335,21.83231431990862,21.83268904313445,21.848943579941988,21.849801840260625,21.84669803455472,21.850315963849425,21.83366436511278,21.851939145475626,21.847863780334592,21.851758176460862,21.835934475064278,21.848767979070544,21.850377118214965,21.841446414589882,21.840816533192992,21.850345455110073,21.838422810658813,21.837940389290452,21.846512027084827,21.837305821478367,21.83218965306878,21.826161125674844,21.826980605721474,21.836065232753754,21.818272789940238
17,20.22786310687661,20.429533395916224,20.284617092460394,20.10279836691916,19.767144659534097,19.716832591220737,18.7721408624202,16.419991962611675,16.926889516413212,16.296091644093394,12.604796892032027,10.930230390280485,6.819882158190012,5.115743927657604,7.6652319021523,5.183583004400134,2.15625,4.9735458213835955,8.91372467391193,9.897246891632676,11.838373307138681,12.880388243123889,11.764870591461658,15.99625625833869,13.666230676695704,10.557719459757209,15.17419601790607,17.656408734619617,14.783524746075273,14.975211661309004,19.6885719653219,20.275082357227802,17.929364643990993,20.542999492958188,21.829948952421546,21.797301769256592,21.734651612117887,21.833887362852693,21.834429189562798,21.83564803376794,21.849947659298778,21.84795662946999,21.851319909095764,21.845802614465356,21.848197812214494,21.845810336992145,21.83166858740151,21.833023209124804,21.847583688795567,21.849457886070013,21.846205074340105,21.84723942168057,21.85071486607194,21.84852628968656,21.84601886384189,21.84959322027862,21.833643183112144,21.849099880084395,21.847762191668153,21.83546363376081,21.84036197885871,21.850123723968863,21.83523089438677,21.834102131426334,21.837532851845026,21.836189690977335,21.838626127690077,21.83974227309227,21.829139394685626,21.83353733830154,21.837594710290432
18,20.212396265938878,20.46236291527748,20.017522539943457,19.621636433526874,18.743353417143226,18.12116982974112,17.014258917421103,14.699056444689631,14.16311008296907,13.626715138554573,11.08737637102604,9.422482432797551,4.32958316244185,6.660611202940345,7.231973618268967,8.166479919105768,4.9735458213835955,2.15625,5.58293785713613,5.113678511232138,8.232615672051907,9.192097524181008,8.777383111417294,12.054027393460274,9.155836159363389,6.375814504921436,11.355048552155495,13.174708029255271,10.389453299343586,11.374234085902572,15.797823192551732,16.10621679201722,14.328217014670372,17.411249725148082,20.3956630025059,19.720109667629004,19.822451300919056,21.82451319694519,21.842698711901903,21.843086678534746,21.838098131120205,21.848878839984536,21.84798501431942,21.845440078526735,21.847009602934122,21.84526669047773,21.849663572385907,21.848952520638704,21.84694462828338,21.847699709236622,21.84649422764778,21.84630613029003,21.850745165720582,21.847270384430885,21.845281014218926,21.8481751549989,21.83182301558554,21.847347021102905,21.84762571565807,21.83184020034969,21.836494501680136,21.84888842701912,21.836428578943014,21.83465162664652,21.835420733317733,21.833128767088056,21.836744161322713,21.833881774917245,21.829166505485773,21.82710344158113,21.84219727292657
19,21.26862727664411,21.29303259588778,21.254513135179877,21.158514415845275,21.092225482687354,20.79122320562601,20.403184834867716,18.67902935296297,17.259304577484727,16.613886270672083,15.38179525732994,12.893766466528177,8.753580933436751,10.414460139349103,7.898819550871849,10.179254172369838,8.91372467391193,5.58293785713613,2.15625,5.40557836741209,8.83762364462018,11.411406209692359,12.57402253523469,13.951656516641378,9.414360923692584,8.30234551988542,13.274768693372607,13.078632427379489,9.08492949232459,11.847573840990663,15.928995011374354,14.462410317733884,12.627622356638312,17.072520077228546,19.27189114689827,17.257031122222543,18.079038981348276,21.6755308881402,21.824791807681322,21.47892003506422,21.83188035711646,21.84971892274916,21.85093948058784,21.845650220289826,21.847988322377205,21.84603438898921,21.833097321912646,21.850198909640312,21.847304025664926,21.83747672662139,21.847869727760553,21.84732550382614,21.84177508763969,21.83518050983548,21.845889115706086,21.833880493417382,21.84584086574614,21.85317462682724,21.851925699040294,21.84125971607864,21.83356934413314,21.833715729415417,21.845328291878104,21.813286935910583,21.827888894826174,21.84949678555131,21.828748082742095,21.81524584442377,21.842829063534737,21.83058181963861,21.830192364752293
20,20.40734981186688,20.56613535247743,19.98582041449845,19.5906214825809,18.39348609559238,17.224080104380846,16.151442974805832,14.213766725733876,12.390947414562106,11.809160843491554,11.296641310676932,9.716553937643766,6.091597495600581,10.24388956092298,9.39812363870442,12.250508833676577,9.897246891632676,5.113678511232138,5.40557836741209,2.15625,5.508478073403239,6.449404010549188,7.91579862870276,8.710779264569283,4.398402614519,4.140927230939269,8.934289501979947,8.911241358146071,6.690852401778102,9.589516758918762,12.707607172429562,12.293155016377568,12.049749413505197,15.418287262320518,17.369241662323475,16.702712386846542,18.150113865733147,21.029773538932204,21.805595848709345,21.81829105131328,21.833800572901964,21.846018934622407,21.845343807712197,21.844571568071842,21.844779351726174,21.844702752307057,21.845333267003298,21.846195558086038,21.845485139638186,21.847291169688106,21.845741422846913,21.845517290756106,21.847137039527297,21.847553752362728,21.845680424943566,21.84713976457715,21.850782236084342,21.846794817596674,21.848025044426322,21.83333378471434,21.836453206837177,21.847615480422974,21.832156421616673,21.841474948450923,21.833156703040004,21.831664280965924,21.847147854045033,21.832800516858697,21.844553293660283,21.846760973334312,21.824969742447138
21,20.57621100358665,20.49309824220836,19.844470914453268,19.299501920118928,18.05140889249742,16.515424402430654,15.168944042176008,13.757824160158634,12.101597072556615,9.909458838403225,10.116992250084877,7.197509448975325,6.806036783382297,10.02590206079185,8.65014236792922,12.785170903429389,11.838373307138681,8.232615672051907,8.83762364462018,5.508478073403239,2.15625,4.928218245506287,9.29825103841722,9.19097506441176,5.839677108451724,8.706169288605452,12.20584592409432,11.580940280109644,11.139682039618492,14.463401950895786,16.605341147631407,16.223999274894595,16.98036870546639,20.272790556773543,21.55316594056785,21.16384156793356,21.829335661605,21.842122342437506,21.835234493017197,21.83486621454358,21.847591830417514,21.84639661759138,21.84718644991517,21.844741001725197,21.84622614644468,21.84438358619809,21.848604140803218,21.84888863004744,21.844912374392152,21.848190745338798,21.845539966598153,21.84577796049416,21.848947189748287,21.848036915063858,21.845279101282358,21.848338894546032,21.850731164216995,21.847055226564407,21.84822072274983,21.832401927560568,21.835373697802424,21.848164403811097,21.83575722016394,21.84059657715261,21.83449695445597,21.832802034914494,21.833364443853498,21.843996319919825,21.843817917630076,21.830473884940147,21.82970421947539
22,19.23602993041277,18.8090083822608,17.234279237687588,15.991610050201416,14.36584908887744,12.512566596269608,11.134645763784647,9.653101844713092,7.643216278403997,6.291900699958205,6.877736302092671,6.596037482842803,6.811657590791583,11.326959254220128,12.043219516053796,15.186860451474786,12.880388243123889,9.192097524181008,11.411406209692359,6.449404010549188,4.928218245506287,2.15625,5.304146898910403,4.804448986425996,4.701108144596219,7.020564217120409,8.808763422071934,9.352968707680702,10.579929063096642,12.622969714924693,14.08800664357841,15.146206485107541,16.317975586280227,18.50790866278112,19.94632494263351,20.618403552100062,21.823942989110947,21.83765652962029,21.850776256993413,21.8481450304389,21.84620751813054,21.845639895647764,21.845074282959104,21.844647092744708,21.844486847519875,21.84424981661141,21.84619639441371,21.845882875844836,21.84444710239768,21.845703119412065,21.84440124221146,21.844575652852654,21.84551822207868,21.844774721190333,21.844562239944935,21.845509193837643,21.84775770828128,21.8455446716398,21.8461749330163,21.849014343693852,21.831622367724776,21.846373474225402,21.848632346838713,21.83797449246049,21.831880694255233,21.850970355793834,21.8358587436378,21.843910448253155,21.840943340212107,21.8385380897671,21.8476497028023
23,18.05709503032267,17.388929050415754,15.361700976267457,13.97265299782157,12.092406587675214,10.946826728060842,9.814026871696115,7.501988332718611,6.4749282989650965,7.639729714021087,6.427210237830877,8.394391732290387,6.868423467501998,11.57790095359087,13.863070446997881,15.428539106622338,11.764870591461658,8.777383111417294,12.57402253523469,7.91579862870276,9.29825103841722,5.304146898910403,2.15625,5.409829946234822,7.357569053769112,5.667082402855158,6.150953654199839,9.648141376674175,10.717876533046365,10.434610247612,12.463698184117675,15.098057264462113,15.38048536144197,16.28896818868816,18.796109680086374,20.216618943959475,20.888058099895716,21.83601564541459,21.851721541956067,21.847363715991378,21.847669819369912,21.84591125883162,21.844809466972947,21.844508016481996,21.84467006660998,21.844483479857445,21.8455898091197,21.84541980549693,21.844900330528617,21.845411729067564,21.845079619437456,21.844757802784443,21.845128402113914,21.8449600469321,21.844386218115687,21.84481628984213,21.84548613242805,21.84552013874054,21.84508739411831,21.846218280494213,21.84802151657641,21.845765797421336,21.84848092123866,21.83249232545495,21.849396470934153,21.84908114373684,21.835375165566802,21.838070841506124,21.83687306381762,21.837681712582707,21.848926573991776
24,18.71112383157015,18.02291745506227,16.215387113392353,14.840643985196948,13.009383609518409,11.158217087388039,10.502714661881328,9.19665964320302,6.424867369234562,7.211738726124167,9.059945778921247,10.861055815592408,10.50418958812952,15.33523815125227,16.257174231112003,19.006558548659086,15.99625625833869,12.054027393460274,13.951656516641378,8.710779264569283,9.19097506441176,4.804448986425996,5.409829946234822,2.15625,5.341868806630373,7.314463436603546,5.772439684718847,6.298450883477926,9.684163648635149,10.82425107434392,10.719169104471803,12.768368113785982,14.873935494571924,15.930247835814953,16.886470034718513,18.680764615535736,20.600387059152126,21.43936368636787,21.842654479667544,21.832819247618318,21.847678620368242,21.84695434011519,21.844934325665236,21.844544298946857,21.844622461125255,21.844447784125805,21.846232084557414,21.84565034508705,21.844774143770337,21.846622152253985,21.844409748911858,21.84481257945299,21.84647667966783,21.844995349645615,21.844605969265103,21.845213670283556,21.84724915586412,21.845442382618785,21.84609799273312,21.847624557092786,21.85075199790299,21.84603464603424,21.84919316880405,21.836316518485546,21.851886749267578,21.851444212719798,21.83490094356239,21.83890745602548,21.841199822723866,21.842540007084608,21.847590705379844
25,20.30434744618833,20.136300463229418,19.118980076164007,18.349992474541068,16.870384668931365,15.232559395954013,14.32069575600326,12.82016365788877,10.134585715830326,9.959577238187194,11.004441179335117,10.326949728652835,8.750764343887568,13.333159720525146,12.875400520861149,16.11387499421835,13.666230676695704,9.155836159363389,9.414360923692584,4.398402614519,5.839677108451724,4.701108144596219,7.357569053769112,5.341868806630373,2.15625,5.306514261290431,7.3369823936372995,5.835719732567668,6.356257285922766,9.713234137743711,10.940638732165098,10.8598222900182,12.416330931708217,15.156110156327486,16.0594673268497,16.33301161788404,18.643376890569925,20.62677936628461,21.40380890481174,21.848206302151084,21.850837972015142,21.846840189769864,21.845096170902252,21.844606664031744,21.844588262960315,21.844536941498518,21.845271768048406,21.84546016715467,21.84499979391694,21.847235769033432,21.84594290703535,21.84617924131453,21.846110228449106,21.846555050462484,21.84558336995542,21.846206245943904,21.84798689559102,21.84638460725546,21.848247084766626,21.85236981138587,21.852124763652682,21.848119385540485,21.83514973334968,21.849379489198327,21.834260689094663,21.83404484204948,21.85040027834475,21.84127724915743,21.844050876796246,21.835521385073662,21.82588381320238
26,19.832421958446503,19.746693789958954,18.54165722243488,17.96826379187405,16.499173605814576,15.543785154819489,14.645986145362258,12.514131836593151,10.635815044865012,11.505121055990458,10.766126040369272,10.993036236613989,7.318485278636217,11.899735931307077,12.521931698545814,14.154468031600118,10.557719459757209,6.375814504921436,8.30234551988542,4.140927230939269,8.706169288605452,7.020564217120409,5.667082402855158,7.314463436603546,5.306514261290431,2.15625,5.324374774470925,7.323272943496704,5.70207872428,6.250971646979451,9.760552428662777,10.926281526684761,10.345405196771026,12.520346442237496,15.10816871188581,15.452610820531845,16.199174787849188,18.594655323773623,20.504577610641718,20.942893479019403,21.827088290825486,21.849582685157657,21.844470787793398,21.84461648762226,21.84451342187822,21.844658743590117,21.84533508680761,21.845031997188926,21.845851900056005,21.84628837928176,21.845873579382896,21.84541691467166,21.846490170806646,21.845892591401935,21.84475776925683,21.84501394815743,21.8479276727885,21.846295660361648,21.845863990485668,21.847540298476815,21.85175619274378,21.84685095027089,21.85187573172152,21.836985290050507,21.831984035670757,21.83332205377519,21.84168945811689,21.843050584197044,21.84717749617994,21.847527481615543,21.82779609411955
27,18.74088536016643,18.45992762222886,17.087614703923464,16.206818539649248,14.72158294916153,13.626488028094172,13.290978603065014,11.379923518747091,9.071852521970868,11.508217254653573,11.723939156159759,13.754586501047015,11.357834074646235,16.188324024900794,17.428237486630678,19.078699896112084,15.17419601790607,11.355048552155495,13.274768693372607,8.934289501979947,12.20584592409432,8.808763422071934,6.150953654199839,5.772439684718847,7.3369823936372995,5.324374774470925,2.15625,5.3504443019628525,7.262068338692188,5.741132292896509,6.40514449775219,9.823341183364391,10.645243423059583,10.71097326092422,12.787354826927185,14.915147444233298,15.762758493423462,16.549531867727637,18.939079251140356,20.537055673077703,21.259217150509357,21.836784914135933,21.847127040848136,21.84528709575534,21.844941729679704,21.844618326053023,21.84581172838807,21.84548156708479,21.845577605068684,21.846302608028054,21.84521819278598,21.84504548460245,21.84583741053939,21.84531026519835,21.84443529881537,21.845008693635464,21.846103506162763,21.84501022659242,21.84538878314197,21.846845051273704,21.848563449457288,21.8450187984854,21.849029341712594,21.852612782269716,21.84795418009162,21.848572747781873,21.833497375249863,21.832986246794462,21.832125963643193,21.836614916101098,21.83991752564907
28,20.149663094431162,20.031853651627898,19.29622122645378,18.7895839381963,17.517424307763577,16.199169050902128,15.77365529537201,14.45453317090869,11.353899816051126,12.702995952218771,14.475401582196355,15.31351031549275,13.285338938236237,18.265184292569757,18.066313322633505,20.840905517339706,17.656408734619617,13.174708029255271,13.078632427379489,8.911241358146071,11.580940280109644,9.352968707680702,9.648141376674175,6.298450883477926,5.835719732567668,7.323272943496704,5.3504443019628525,2.15625,5.343476401641965,7.359956651926041,5.866052649915218,6.591063881292939,9.696514716371894,11.134594980627298,11.114425988867879,12.610879685729742,15.217206927016377,16.080690192058682,16.860846793279052,18.920372378081083,20.79745824635029,21.547567766159773,21.83295899257064,21.846226941794157,21.84673309698701,21.84474801272154,21.846275087445974,21.84537770971656,21.84529511258006,21.84598159044981,21.845391366630793,21.845737228170037,21.845947545021772,21.845779122784734,21.845171546563506,21.84770051203668,21.847448743879795,21.84649759158492,21.847540577873588,21.832370772957802,21.85177773423493,21.847975814715028,21.833479532971978,21.84248778782785,21.85297984816134,21.83283181861043,21.841298142448068,21.84068826213479,21.83975232578814,21.84320915490389,21.84542883746326
29,20.83425278775394,20.848276859149337,20.319617254659534,20.234975086525083,19.78953692317009,18.948605412617326,18.46544923633337,16.67974210344255,14.163173900917172,15.087204493582249,15.645354541018605,15.487261075526476,12.16556454077363,16.37022066488862,15.608675353229046,17.76137045584619,14.783524746075273,10.389453299343586,9.08492949232459,6.690852401778102,11.139682039618492,10.579929063096642,10.717876533046365,9.684163648635149,6.356257285922766,5.70207872428,7.262068338692188,5.343476401641965,2.15625,5.292100895196199,7.315724337473512,5.817021127790213,6.188071873039007,9.735058430582285,10.898967573419213,10.336019927635789,12.322601972147822,14.910927213728428,15.664955960586667,16.23495702072978,18.54558219574392,20.442315815016627,21.300499541684985,21.85178549773991,21.83743730932474,21.846278999000788,21.850923366844654,21.849476616829634,21.846985910087824,21.852120373398066,21.84641189314425,21.846819991245866,21.834196599200368,21.85189561918378,21.845356173813343,21.852013612166047,21.830970525741577,21.84847429767251,21.849468348547816,21.85042922385037,21.849701249971986,21.84853961877525,21.837379939854145,21.829865837469697,21.835636842995882,21.833224538713694,21.846687069162726,21.8441618103534,21.828719636425376,21.83134182356298,21.846392516046762
30,20.27137198112905,20.315745079889894,19.711132250726223,19.48458183184266,18.879448853433132,18.369454408064485,18.250205382704735,16.223033441230655,14.195071624591947,16.179247327148914,16.03288002125919,17.08336678519845,13.24867513217032,17.338488578796387,17.833998886868358,18.859477825462818,14.975211661309004,11.374234085902572,11.847573840990663,9.589516758918762,14.463401950895786,12.622969714924693,10.434610247612,10.82425107434392,9.713234137743711,6.250971646979451,5.741132292896509,7.359956651926041,5.292100895196199,2.15625,5.396704882383347,7.309005852788687,5.543328445404768,6.3213239554315805,9.74639031663537,10.634923411533237,10.52510898001492,12.457091722637415,15.006875513121486,15.6274553835392,16.34088445082307,18.604574404656887,20.573277577757835,21.834379747509956,21.84047530591488,21.84767118655145,21.844636157155037,21.84952133335173,21.84653521887958,21.849256206303835,21.847043862566352,21.84692632034421,21.850617967545986,21.84771659784019,21.84580036625266,21.84777686558664,21.833281295374036,21.84771078079939,21.846719967201352,21.832375755533576,21.834764229133725,21.847380002960563,21.850945441052318,21.842435535043478,21.85211888514459,21.849873023107648,21.839446185156703,21.842665921896696,21.838595736771822,21.837241549044847,21.840713365003467
