,1,2,3,4,5,6,7,8,9,10,11,12,13,14,15,16,17,18,19,20,21,22,23,24,25,26,27,28,29,30,31,32,33,34,35,36,37,38,39,40,41,42,43,44,45,46,47,48,49,50,51,52,53,54,55,56,57,58,59,60,61,62,63,64,65,66,67,68,69,70,71
1,0.0,0.3990594253431214,1.0687902572723234,1.9405102869466533,2.7918548447697,2.9654222644264534,3.500719863533385,3.8567761060153285,3.8951837529594417,4.017035232843219,3.9678759321780146,3.6517469586059446,3.3259689279403464,3.180929203715655,2.397515695347458,2.8771401434795667,3.3000210145618416,3.131941343383896,1.7844613788723012,2.659442923448858,2.473597888754028,3.363639490029135,3.857807581900682,3.59126626927597,2.7286392665855965,3.132642901365242,3.861759825847198,2.9449990266129324,2.3378268395316946,2.8691718391184065,3.2548095186981256,2.3218394427608673,1.8059182695703988,2.3657223772764016,1.9097884818918278,1.0885138807339028,1.1207565382653262,1.4399316679055412,0.9307865464333666,0.6305144840408551,0.715266309377677,0.7281786350204161,0.4950520873517026,0.3243919057954133,0.3677634169018163,0.31822497587781995,0.34141442647493253,0.3308520356131697,0.23823327156021004,0.30908885128195146,0.19174788829233064,0.24350604540445478,0.2549961278286791,0.2900566573219585,0.19704649922441425,0.28014871115118967,0.32841149423722543,0.2563564525817048,0.24246237342583293,0.326330625269249,0.3818665226090296,0.21534968983503658,0.33108774444995104,0.42931339714391775,0.34712826522421675,0.26499223888701967,0.40728831425362366,0.43303475640587763,0.38629364755083057,0.4189439215397504,0.5594869304216653
2,0.3990594253431214,0.0,0.45969941409021164,1.0902774568896467,2.0230514167706226,2.494523731190275,2.7010859038360278,3.1608922358759695,3.634476152371019,3.649388679847219,3.5926084382988566,3.7468377949883647,3.38032751970184,3.327208602651542,2.4850355292107404,2.712355688634346,3.179630365128922,2.8215263923905525,1.7454108674189424,2.476895591329936,2.6165914195349935,3.376785038003236,3.6009227502140053,3.547799266963155,2.7699315324625733,3.0378912263508475,3.752389488590663,3.0028727560014334,2.2511609723106263,2.7296987032347966,3.0348718803648813,2.1118020231675607,1.5481885590274398,2.0915574815460527,1.7372794494701826,0.9264947426473191,0.8038637553175091,1.1384719233813994,0.7175986632671844,0.41063968275691914,0.5209488154339641,0.4994740242169952,0.34317070066946426,0.23333234893868085,0.2751159467226824,0.24989434236186847,0.2785445591381776,0.2649321777257209,0.22068324872133194,0.29227498945941277,0.1768577502169388,0.22238476597422288,0.20178951197557182,0.2137980876664167,0.1568412813148447,0.19929674890034588,0.24392585897188065,0.19966387594436,0.19563239804268676,0.2688239763438266,0.24788193535547443,0.1861076833354797,0.2471769055111302,0.3511543497306109,0.2644991548283065,0.24538467205246262,0.3186556967056053,0.3563959058735156,0.3510655130265476,0.36292851612635785,0.4040585671358507
3,1.0687902572723234,0.45969941409021164,0.0,0.426963674594177,1.1409990980315183,1.8548263457799947,2.3804017231251016,2.6776791350352753,3.0186727330631844,3.2111055759528715,3.3394147858051166,3.7155386732217393,3.590908551964778,3.1786237086838764,2.4271344482733834,2.6774468467820896,3.2111782525561448,3.152819149438084,1.7353083985202857,2.8071465661138837,2.8657585004689583,3.290372928187613,3.4063710096166147,3.4122355226027663,3.200981793168939,3.533555697677014,3.8778224121020455,3.292615349119807,2.668746926679523,3.180339785388817,3.152539546086151,2.168579966900545,1.8396446117833893,2.2292672027062648,1.7385949280054158,0.9294567747540879,0.9287717437170444,1.1602967044939534,0.6104778183226228,0.3512880472229895,0.5067825310975055,0.4479593354688629,0.35985799863181966,0.2523364912859089,0.2953147678480361,0.2588244205956543,0.3031057763133581,0.33999513411874166,0.1933751740154056,0.20657211773026438,0.15904223525961686,0.19459785792757556,0.21045565372514105,0.1804320036543134,0.14233532840267338,0.2135235970046832,0.21748625531974541,0.21686903954457468,0.17571935818396972,0.3028277558813065,0.26924313303330816,0.19887793465591508,0.2635220304055753,0.3715388176063865,0.2891154771311272,0.27658398015421515,0.3641680905405905,0.4294601884932455,0.3892724061600554,0.4322479533140077,0.5090642475353102
4,1.9405102869466533,1.0902774568896467,0.426963674594177,0.0,0.3881286815342345,1.1253762853528262,2.141976668804473,2.5943245618288104,2.737969910934072,2.900746101491361,2.93569733062907,3.323620667131582,3.356105851420929,3.186756533026587,2.458921281210696,2.513666664741684,3.0355666176722615,3.011907956470582,1.7621128547005103,2.713749331334395,2.8968215757932065,2.813220929655791,3.0231410703298307,3.0843666205538587,2.9032007392870294,3.1208085454274714,3.4721510670868034,3.0702580558215793,2.4033968775064083,2.922062997970186,3.049986693056737,1.9250363261198915,1.5089070142438077,1.9498891890935546,1.4602708174103514,0.7455860710685777,0.5965221809418375,0.8118399279736392,0.5125035890690283,0.2866315504490349,0.39818429115213,0.36854838299710113,0.3027012322766992,0.192333909624971,0.24110354840711729,0.2102670367107664,0.2534223952653199,0.24285020004854546,0.23828202954368807,0.22912113901645678,0.17689858095744454,0.2254572358326808,0.1760512176611848,0.18131076750060862,0.1571409341174892,0.21928311208105805,0.21329660923819602,0.20608258092516332,0.20549791347682317,0.2544994399820974,0.23417049568279796,0.19042887585937704,0.2713165058021646,0.32143599496081754,0.29252044025849355,0.25479818210991306,0.32384494061301816,0.3715322953159447,0.3692154724586871,0.38563895854703284,0.37939423707653824
5,2.7918548447697,2.0230514167706226,1.1409990980315183,0.3881286815342345,0.0,0.41663669690291355,1.2231603654437433,2.42983139844889,2.420900715431747,2.4397966010997787,2.8038014974749568,2.8423772500320474,2.950500779983947,3.0750631110583706,2.422418842638071,2.165150167899283,2.9056774613895726,2.8747705533752677,1.7094890911687164,2.54392369357763,2.720743782709815,2.431094122153363,2.71189116113157,2.756976632564149,2.6329180588012675,2.8652155049182397,3.1949488828315755,2.932703846822225,2.337650244289722,2.8414674949277474,2.936262641366371,1.9108918447491132,1.5314848911843304,1.8580967074817234,1.2864555371271953,0.6919829006605765,0.5680180693761886,0.6436642166478274,0.37976668351378956,0.21308680599477017,0.3209579177791533,0.25523044808339174,0.2410015487233223,0.17618954314638285,0.20060581610018635,0.18105345564340694,0.2226583101053219,0.2202529405669776,0.16909078549120654,0.23044621004076116,0.17352778304764557,0.1892287981321745,0.15627909526224526,0.17690132704419834,0.12602352520574456,0.1668581994567912,0.1893801103828467,0.1770231232294566,0.1602411130117417,0.19877825474721714,0.21210620516819198,0.15400610990839872,0.21874370091578338,0.2648198124595294,0.23749147706377463,0.21611433959708026,0.27986390373322156,0.2809895020083897,0.29343641520766034,0.30173970916266774,0.36103066249493315
6,2.9654222644264534,2.494523731190275,1.8548263457799947,1.1253762853528262,0.41663669690291355,0.0,0.3692172310110433,1.0144679700421522,2.2914240698940396,2.502785980379508,2.3631618013638622,2.534054518429868,2.4881677838768983,2.9406268073350126,2.539015408153929,2.360458059316427,2.8372520288539578,2.5412908797691185,1.8924808372988378,2.291529376190375,2.5441439510098105,2.2017210168530044,2.303926492202845,2.7359740166891977,2.524723333925922,2.4110837424718716,2.8419741819841122,2.921928156605117,2.3571624051104023,2.5929887414204447,2.7100387552486085,1.8034935597947992,1.5055660620400604,1.6660174967095533,1.11918195607977,0.5904877458933878,0.518443538796004,0.5725867536380479,0.3029457463478576,0.2136078732080524,0.3197962974733338,0.23109133091287445,0.21992801095065428,0.15563980807610156,0.1800378516177091,0.15411057032141534,0.22293905452706056,0.20032846982251126,0.18376024198984375,0.22881896420669487,0.14784698358532283,0.15235255073136897,0.16364061260529122,0.17566278730594478,0.11334261199233171,0.15344662638814713,0.18078774335929856,0.14816023921538518,0.14053303826878905,0.17196215029655318,0.20486229769183104,0.144944235653934,0.17939795679792792,0.23752336777177283,0.18874901138483466,0.17325748005816866,0.21750902196866156,0.2604653061627908,0.2555075858191974,0.2637819659149814,0.2940540313669698
7,3.500719863533385,2.7010859038360278,2.3804017231251016,2.141976668804473,1.2231603654437433,0.3692172310110433,0.0,0.38632446663594777,1.0520759454435504,2.083644876623075,2.0681478384231085,2.056464087971059,1.8932126615110705,2.3041961811987477,2.0945785429579,1.81281886232423,2.2455615049574646,1.9140722868773445,1.9073889736560634,1.7343653269468968,1.9594005271806898,1.86184344556271,1.78168310494702,2.2563024288057703,1.971389215722846,1.9424140576823705,2.381471331008409,2.268123795262022,2.0354566616293366,2.263139544625821,2.3573076830668374,1.6393773686241373,1.3795866723516506,1.4284655256029637,0.9128267933080795,0.467477340200131,0.4058305488512847,0.4411193564135592,0.2596055315241745,0.14488794855261145,0.21647928090828802,0.22263722112166304,0.17999878574440242,0.1505729391020741,0.1820143414243952,0.1469065120409728,0.19792319039683542,0.20407674248881286,0.1560823831627463,0.21051819356438714,0.12225238058345568,0.14311463931902887,0.1291766398847058,0.17384077606968595,0.09258217135690416,0.1351271647072142,0.14588087104030603,0.13420847061100474,0.12552980922285728,0.1374829665668572,0.158077112785002,0.12637010145105543,0.17347804279353807,0.19062253721081698,0.19706414571519215,0.17559933765924246,0.21391193229409625,0.2338384654908502,0.24055244745856927,0.261770367840812,0.27632250355640403
8,3.8567761060153285,3.1608922358759695,2.6776791350352753,2.5943245618288104,2.42983139844889,1.0144679700421522,0.38632446663594777,0.0,0.3910308956667746,1.0807583140586552,1.7459302054962367,1.5838716890728612,1.7043363833453238,1.994445941712852,1.7620208900058176,1.68457405559607,2.1794136622291265,1.7800369424409523,1.5920404404773358,1.5737135224332122,1.8218026830229488,2.0363339718858184,2.3587681973786028,2.5749753187654965,1.9218911809040864,1.851028764336238,2.2840863601741375,1.95019730697427,1.677161736076454,1.998888708682611,1.9325527160814806,1.4811746340982348,1.2427269596802892,1.3896359225455888,0.675195813101326,0.28932196966666046,0.23078836724334986,0.21595888550439354,0.15198719927195675,0.09334349898659641,0.15609101915569393,0.13629326317109253,0.1345808486247935,0.10573211416595193,0.14762578515755906,0.12608720006816873,0.16313333626716947,0.16522602428785746,0.1446636786599711,0.17238857530028237,0.13771594780072818,0.153677519204391,0.10545330180435468,0.12215412845564436,0.09723443226674912,0.11324325217410264,0.10227745572937491,0.13523864905146435,0.1174959848122978,0.11129842657564973,0.1423036641394215,0.12089953626860195,0.15530611849933743,0.17002877456884255,0.16557793009205476,0.14887030688034533,0.18791588588678348,0.18302623803405257,0.2184888484009208,0.20032618414367723,0.24577670355441866
9,3.8951837529594417,3.634476152371019,3.0186727330631844,2.737969910934072,2.420900715431747,2.2914240698940396,1.0520759454435504,0.3910308956667746,0.0,0.4103460137381038,0.7041683379292611,1.1597609821142612,1.290703177475223,1.534070826306894,1.6011269021810477,1.7725591864892019,1.7758933826719019,1.5856883680613572,1.5497741911008833,1.721741859480545,1.9164893022814988,2.0801399571597634,2.4205635115314785,3.8141931456985616,2.338399364612835,2.1039116546559633,3.181070592427094,2.9614548081473355,2.1371174873869223,2.3402543959019075,2.632635808542715,1.9577509071509003,1.6605996407735506,1.7523053406639542,1.302024791366386,0.5538693891241504,0.3909562397176773,0.3756852863850202,0.213214209982476,0.14460927913330818,0.24665582198709907,0.22516157792836122,0.1449000660713705,0.11320047212598307,0.11772891243021093,0.12241848332037127,0.18408658472379333,0.15174989690584045,0.1418017702085357,0.18092676879123196,0.14073471614205102,0.1359876289964703,0.10904080366026833,0.11396513921512344,0.09959293411079631,0.10963221435305594,0.10870705530950561,0.12330750325984206,0.11829059732516811,0.11179037688911574,0.15309468145618557,0.13123634322962238,0.15610247048824996,0.17106414111679763,0.1559065908376998,0.14730738756088987,0.15010582789916463,0.2157430266113544,0.1715608605614889,0.19023984528268736,0.19675277597782456
10,4.017035232843219,3.649388679847219,3.2111055759528715,2.900746101491361,2.4397966010997787,2.502785980379508,2.083644876623075,1.0807583140586552,0.4103460137381038,0.0,0.32298499497804667,0.8213004699916201,1.0038989803905736,1.618107259084024,1.4903436838861106,1.9003823667309816,1.6625732634796928,1.2765278046228472,1.3157448142761674,1.3623411120728643,2.102662875125638,2.853929065770913,2.024906452644757,3.359274203497406,2.3225543593816558,1.529693129766953,2.037919009777174,2.1629286792080706,1.686346986274406,1.5018690561455799,1.7529456479309287,1.4194539861169482,1.1362012048095416,1.1110154347358425,0.45870685455362586,0.2713088328354218,0.2637725177168289,0.24291457732334767,0.15752372202741546,0.15181079413267873,0.2073411712955532,0.19036224057711776,0.1813122380910498,0.15138755772060258,0.1682740233878832,0.15495367983923833,0.21633283492512295,0.20029805834195505,0.15193652460370835,0.1867152065111251,0.11760782254158016,0.13780802265512226,0.1124463959938862,0.11599838682736646,0.09780562469095032,0.0992053595770621,0.10982521806039953,0.10896280562049314,0.12145656508235363,0.10221530948720267,0.1569338650791365,0.10433297761571617,0.11015096733586381,0.1416770343054392,0.1546211689450741,0.13413502423189042,0.1380374374713613,0.18581473062250092,0.1765348862483145,0.21561614774728138,0.2442370440379243
11,3.9678759321780146,3.5926084382988566,3.3394147858051166,2.93569733062907,2.8038014974749568,2.3631618013638622,2.0681478384231085,1.7459302054962367,0.7041683379292611,0.32298499497804667,0.0,0.2991758934332416,0.6372184881793531,0.8097735918165004,1.3419987545272416,1.1241624884928514,1.4648363220378826,1.1522384260895808,1.0155367439115544,1.181400142014242,1.7806284422621173,1.9042578961707388,2.7901158593123476,2.012804098542678,1.553837471035274,1.5756470307417563,1.6834377430729501,1.400332134758339,1.1714712740297935,1.4064197294979446,1.3354014930056157,0.9232860073549756,0.8443280241803863,0.7326651099349883,0.21233228131576962,0.16357977058499062,0.1857317738654398,0.12043785126158513,0.11596050962421342,0.11044768620298183,0.14007847416626906,0.12041226692846749,0.11654948767144853,0.09748602751388248,0.11105979093232174,0.09585997326249802,0.14140133269917118,0.15569748212931475,0.11806000795823803,0.11456574079549518,0.08362522800752666,0.09507161159733442,0.10897689443006847,0.08616075428867113,0.04875181857706731,0.07188967136281396,0.08649835111810081,0.09709318141546515,0.07234575878899838,0.08964588464128237,0.12703198049620762,0.07660108187611372,0.10173911647156197,0.12724151799114772,0.13991487907308192,0.11454925491709146,0.14815742167330273,0.18257571245749338,0.19101973730143287,0.18717852379560423,0.23328032029514822
12,3.6517469586059446,3.7468377949883647,3.7155386732217393,3.323620667131582,2.8423772500320474,2.534054518429868,2.056464087971059,1.5838716890728612,1.1597609821142612,0.8213004699916201,0.2991758934332416,0.0,0.25743013397539255,0.6063985917830406,0.9584162341733875,0.9334943841241377,1.163439013981022,1.2024211415682944,1.0809068098915902,1.5084796908364746,2.407117519185819,2.2267219771668403,1.683672453367162,2.013319212936489,1.6106978760994242,1.3598720521426642,1.4452982126402119,1.368196720994194,1.165262745840577,1.1812256421547471,1.1197915212695053,0.9162758937976535,1.0430725502854825,0.767242402396124,0.2920048288499344,0.25426358848960523,0.26359753485172277,0.21909038579895612,0.14328584955804577,0.12936699468192076,0.16786109718916897,0.15438191681217744,0.15521643784086195,0.1183504880292929,0.16390590620474388,0.10262556441232633,0.16880823255164226,0.18891817962411264,0.1149217838562708,0.15064130320605215,0.10397756756727433,0.10447980034625462,0.11117285269407633,0.10983188263247787,0.07623447840110427,0.09122709736108607,0.10678452631493565,0.1155254400356309,0.10279000856714679,0.09964421283032053,0.15103725702932305,0.1070218157878564,0.11713538349863703,0.15109985309527824,0.14425038628058626,0.13313647648896718,0.17765512030767186,0.22134116521662064,0.1960649889849411,0.21917345114432424,0.24160657177657113
13,3.3259689279403464,3.38032751970184,3.590908551964778,3.356105851420929,2.950500779983947,2.4881677838768983,1.8932126615110705,1.7043363833453238,1.290703177475223,1.0038989803905736,0.6372184881793531,0.25743013397539255,0.0,0.255010936466955,0.567427908399547,0.6982216520863593,1.2031186214956386,1.6916108978822073,1.1712630981842258,1.6218396679852722,1.9526008911047714,2.0031279262632062,1.900862279532318,1.9758990031373722,1.8724119014899752,2.2040987128886314,1.6989247062426196,1.48858373251805,1.6828640802613406,1.6943505382530692,1.2515978322882029,1.2103400418797148,1.2540390202984135,0.8686146697523429,0.35058685880918594,0.3869408249107909,0.31490421194550194,0.142359982409578,0.10116339686977825,0.15417747857861233,0.18471862431614683,0.11492734700214553,0.14944687915020502,0.09275774648715637,0.10807305825678182,0.09263681347153019,0.11433473936023984,0.13173234951489982,0.10925975930401677,0.12334660098469888,0.09800885589898023,0.08461686548097079,0.10117452757483014,0.08730944425337052,0.06425766806191993,0.07894586062902643,0.10473209812331241,0.11328340793972826,0.08680778570027647,0.118596589663744,0.15508014492453837,0.09535571844479619,0.13610468577512597,0.17403116413711658,0.1725714963832688,0.12225365900170405,0.1947444718738275,0.21728163788730662,0.2489009549631472,0.21672085391876528,0.22895152488684611
14,3.180929203715655,3.327208602651542,3.1786237086838764,3.186756533026587,3.0750631110583706,2.9406268073350126,2.3041961811987477,1.994445941712852,1.534070826306894,1.618107259084024,0.8097735918165004,0.6063985917830406,0.255010936466955,0.0,0.1995718554657228,0.7760554529108995,1.2310533380939799,1.1520753652342344,0.8129820439333083,1.0210155564340588,1.4857981761993015,1.242693875488275,1.34546885803503,1.161980392849241,1.060848086571543,1.1452882371371793,1.0480108522395424,0.887254393104637,1.0684289844821138,0.9992891025726298,0.7641059109742825,0.676408113708845,1.0081451119431506,0.5127685423285301,0.16002353712877623,0.2411540508636571,0.2240147980025054,0.11434299623872268,0.09587069494842586,0.12797425386720856,0.10708454962092334,0.10188747362364435,0.12070079012323554,0.07646909259896914,0.11377916893411132,0.07071415962019359,0.10142006225001207,0.15029188847470537,0.08998643764032899,0.09434626871308302,0.0876743434884186,0.08229630284812431,0.09204512764251764,0.07228013752559345,0.06357167574725366,0.07866956659681514,0.09797467342023286,0.09140970579656274,0.08978550244527776,0.1089863659016915,0.12740365273123558,0.10791618494389757,0.13730739226887168,0.16784505965574897,0.1490699451458094,0.1660833837034527,0.21356741506154567,0.23132444042877276,0.25462712518139935,0.29921224209120517,0.25777855240272496
15,2.397515695347458,2.4850355292107404,2.4271344482733834,2.458921281210696,2.422418842638071,2.539015408153929,2.0945785429579,1.7620208900058176,1.6011269021810477,1.4903436838861106,1.3419987545272416,0.9584162341733875,0.567427908399547,0.1995718554657228,0.0,0.24816195887843362,0.43263205777062025,0.818546173860994,1.053040458065373,0.9735562981985849,1.4397805769728287,1.0449289133244057,1.0883162220738438,1.045512063324445,1.2222694522100541,1.0247228988855255,0.9156882662230819,0.9642642549436674,1.0874030091349638,0.9545142778036259,0.706491733466027,0.7736516692574927,0.9748453101241186,0.5215365180648253,0.20530602799789555,0.29552357565124604,0.2952439323843223,0.14914798150719397,0.11568322027158379,0.15442357257028488,0.15374328640315313,0.09016456156279128,0.10811647130063888,0.0698522829255675,0.09829274368834082,0.058739494083055184,0.1111371018145148,0.10887161231587356,0.06768633928664584,0.09820843642205486,0.07093808200410148,0.06795711761570387,0.09021045288260668,0.08259311383765336,0.05781677921857696,0.07597442150220071,0.08974320504906697,0.08309490389050617,0.08173034573730255,0.11543188869908348,0.14907315516463532,0.08602678894965887,0.12738203807453155,0.2011081341817186,0.18280309543360285,0.14229030337317072,0.20176431278688434,0.2866088297309666,0.2397631274126617,0.2548406019361813,0.33457898126593355
16,2.8771401434795667,2.712355688634346,2.6774468467820896,2.513666664741684,2.165150167899283,2.360458059316427,1.81281886232423,1.68457405559607,1.7725591864892019,1.9003823667309816,1.1241624884928514,0.9334943841241377,0.6982216520863593,0.7760554529108995,0.24816195887843362,0.0,0.2261704451687093,0.3739224623749267,0.8145969868369771,0.7322258329038341,0.9904297050251528,0.8297148706194065,0.9002186822102171,0.979900795357093,0.8541745053473871,0.8196998186818245,0.947311580512852,0.9833481787789914,0.8469161226316478,0.9609939096264847,0.5482232341518478,0.508764347745699,0.9866021290260255,0.37004328124663477,0.14112723958182247,0.23595455972072804,0.27149580592325673,0.11303701689226472,0.0965192837193891,0.1213768813564611,0.12055137410253568,0.07611130171098637,0.11197342442068606,0.06519230317197539,0.10335018843164374,0.08445695893250076,0.09756287723866708,0.12989286495345442,0.08665725854614152,0.10779837511962287,0.07480927492138532,0.10293992361348643,0.11236325752241091,0.09458621573185956,0.07050680083453056,0.08997077523823074,0.1248050766127418,0.07752948863308413,0.10063318751258347,0.1408306009812352,0.16090965578780844,0.09704263644818369,0.15599882505756346,0.23043530253807465,0.2300579942557106,0.1664548930387476,0.22042559560010175,0.3425734176546177,0.24727209822591828,0.2939259682496558,0.35640445110401875
17,3.3000210145618416,3.179630365128922,3.2111782525561448,3.0355666176722615,2.9056774613895726,2.8372520288539578,2.2455615049574646,2.1794136622291265,1.7758933826719019,1.6625732634796928,1.4648363220378826,1.163439013981022,1.2031186214956386,1.2310533380939799,0.43263205777062025,0.2261704451687093,0.0,0.282551670685574,0.5064085332394698,0.5274914781246594,0.9223434643415295,0.9206435797366367,1.1998217914626765,0.9492558191726317,0.8600546652106282,1.0210286735792626,1.1087906611721048,0.818272946827241,1.0256909220137884,1.1761596143787771,0.9143063521164149,0.850421133780438,1.0443562080608326,1.0496443578799122,0.2178232425847943,0.38155998350606646,0.4483447579589683,0.13509027014907599,0.08278229502297914,0.14776018744768155,0.14142570473183494,0.058852912086459576,0.09561436496893831,0.05464898944959807,0.0887164389842081,0.055420862881563074,0.1078403356537276,0.10245932470878176,0.0740991967956979,0.10732540662843097,0.0658237203049804,0.062302093508643956,0.07468228068478606,0.06732167640885758,0.04476191996508775,0.06229631918496116,0.09713334522364876,0.07442994134090031,0.06959873503693689,0.11289512313987714,0.1374510150439567,0.09873815789346646,0.11975730099603298,0.19332720621698724,0.17430385928373135,0.16965005148152598,0.21571917599919632,0.25193224685612653,0.2621891165328435,0.27870982030730096,0.33430025368237604
18,3.131941343383896,2.8215263923905525,3.152819149438084,3.011907956470582,2.8747705533752677,2.5412908797691185,1.9140722868773445,1.7800369424409523,1.5856883680613572,1.2765278046228472,1.1522384260895808,1.2024211415682944,1.6916108978822073,1.1520753652342344,0.818546173860994,0.3739224623749267,0.282551670685574,0.0,0.17033131335061147,0.39304893053602546,0.6201474149082339,0.6602254280958827,0.8375551609148479,0.7043680421838557,0.808005543957244,1.0966636797723397,0.8980040892150589,0.7613563095121144,0.8829283527016291,0.947142388770371,0.9007786722965293,0.7972500791944679,0.9184727166420589,1.0141066100285228,0.6506231496302525,0.8184953544961273,0.8200175505100381,0.20629944258555105,0.09513399661944005,0.17514351398058575,0.13124871124431367,0.05397849598052203,0.0688046293676601,0.040301258992606365,0.07845523610261419,0.04306536145005099,0.08808276356966412,0.08828331584890994,0.06248475191656734,0.07926814133818426,0.06090020631971876,0.05664771491056286,0.08259720322201386,0.06115605777232235,0.04425616207153543,0.058748039486558226,0.08012348372876253,0.0650239335717324,0.06426325719735776,0.094370663970378,0.11225916182787951,0.07942157870166305,0.11560318281453401,0.17187754934901134,0.14935679366753163,0.11216590128275954,0.19008581163194058,0.23179222694417134,0.2390216288740178,0.2070253088853833,0.2524180966105002
19,1.7844613788723012,1.7454108674189424,1.7353083985202857,1.7621128547005103,1.7094890911687164,1.8924808372988378,1.9073889736560634,1.5920404404773358,1.5497741911008833,1.3157448142761674,1.0155367439115544,1.0809068098915902,1.1712630981842258,0.8129820439333083,1.053040458065373,0.8145969868369771,0.5064085332394698,0.17033131335061147,0.0,0.22902705105720955,0.3536366686054715,0.44213251557383254,0.5217561433020541,0.5610558947247262,0.7431947216969769,0.6288722686235011,0.5424592315293926,0.6475708728311627,0.8367888170644853,0.8627773744791705,0.716135669400972,0.8826758483225112,0.8509981186704731,0.8751447054919562,0.7418272559477087,0.8899765509366353,0.8337968455239877,0.33955490630932283,0.1463108698046204,0.515802648230662,0.13687468343384013,0.06227001744547863,0.07699463185929936,0.03973444876314834,0.08774215173434226,0.04215892215932503,0.08772790106228466,0.07868411564785324,0.053981339191044184,0.11289617277085674,0.06840140150685033,0.05062988573035341,0.10962727306252804,0.08528802355550154,0.04015214878374635,0.06711943647503436,0.16399122407882422,0.07776192591415133,0.07822946630638551,0.16113166647449073,0.17099975866064876,0.09871067980050512,0.17151300387950966,0.34290821593782156,0.19796947433920203,0.16262471544851065,0.2674730565988259,0.30529084338253204,0.2627550325917323,0.3077799342159211,0.3010741856718184
20,2.659442923448858,2.476895591329936,2.8071465661138837,2.713749331334395,2.54392369357763,2.291529376190375,1.7343653269468968,1.5737135224332122,1.721741859480545,1.3623411120728643,1.181400142014242,1.5084796908364746,1.6218396679852722,1.0210155564340588,0.9735562981985849,0.7322258329038341,0.5274914781246594,0.39304893053602546,0.22902705105720955,0.0,0.16195930560463023,0.336600298366751,0.36440173060799613,0.385505934287748,0.6967477047539187,0.6249157728062232,0.4167141684022834,0.5779787421436151,0.643071354521368,0.5937571885339346,0.45465181831564283,0.5467813279215546,0.5113197536627165,0.4631466535954173,0.3808855122453347,0.5292777996673182,0.44674886390105645,0.34987716993686824,0.13361235641450722,0.1532515019316827,0.05692385253188864,0.0473390321119199,0.04547429316326618,0.030122825764005743,0.042136415943202374,0.030371744834936043,0.04368309124485965,0.06310145766651294,0.04642861927660199,0.07024068473126953,0.048056037343242416,0.04616614225621206,0.05584401627803286,0.062389310689460374,0.048860160513756815,0.06038393990904875,0.07168217726340871,0.05122940722381558,0.06553235680269634,0.10966807666077096,0.11149779535538529,0.05929928680417042,0.10525995391175734,0.19545359081217575,0.1122624235487759,0.1029404930928754,0.14448024851807117,0.1853950391955902,0.18398834955170645,0.19070759754439676,0.23845204262807704
21,2.473597888754028,2.6165914195349935,2.8657585004689583,2.8968215757932065,2.720743782709815,2.5441439510098105,1.9594005271806898,1.8218026830229488,1.9164893022814988,2.102662875125638,1.7806284422621173,2.407117519185819,1.9526008911047714,1.4857981761993015,1.4397805769728287,0.9904297050251528,0.9223434643415295,0.6201474149082339,0.3536366686054715,0.16195930560463023,0.0,0.2030528276440759,0.2486997667447191,0.5149440809376428,0.7590393542424291,0.41618599523927285,0.4746922256195121,0.5968166932316228,0.5019827823429818,0.49150975015218445,0.5082486552236896,0.5468093179889935,0.5877304435291721,0.5736446922862022,0.41205565658334603,0.5302795534474851,0.23775340343965312,0.08120002818331118,0.0706210380838588,0.0827385545893352,0.053385996090050174,0.06149359984616048,0.06702695208685093,0.03700965390279793,0.06240623402158147,0.030182811228833335,0.08181281103266307,0.08307800883610698,0.037297884872086094,0.0727512535290797,0.04812013873856352,0.05210789759840934,0.05975871076693436,0.05603822947824356,0.04500559498537872,0.055053998720470454,0.06293059024826057,0.057466513673734454,0.06777690258120124,0.08423091467023006,0.09121598255867981,0.0674885238983903,0.11298780746084011,0.1583724632268771,0.12023771756868713,0.11584232330263662,0.16519702239271156,0.18918361453923446,0.1707488107419045,0.21652167501922842,0.2291039621111172
22,3.363639490029135,3.376785038003236,3.290372928187613,2.813220929655791,2.431094122153363,2.2017210168530044,1.86184344556271,2.0363339718858184,2.0801399571597634,2.853929065770913,1.9042578961707388,2.2267219771668403,2.0031279262632062,1.242693875488275,1.0449289133244057,0.8297148706194065,0.9206435797366367,0.6602254280958827,0.44213251557383254,0.336600298366751,0.2030528276440759,0.0,0.1767734981174533,0.4427323185978415,0.5553752058233397,0.3278885301136109,0.4122303369931368,0.5331199699725967,0.3841661170170856,0.38464975914897515,0.4320937937529597,0.4377361045316645,0.37191634861152834,0.37257573679308914,0.3523586963440323,0.3803578808074424,0.13271281937387566,0.07126288057249852,0.05498413602376191,0.04501600109415971,0.03592029667298965,0.03793608249276904,0.04049765466263162,0.03216797645620045,0.03131392206625088,0.02532299471409684,0.05346653050711972,0.06245065864481785,0.03231299387189745,0.04971449753541031,0.02918839070460154,0.040103319304536506,0.039596197951827096,0.03136005825780819,0.032340706732551176,0.04417686673088186,0.059464711357946815,0.046533918977789544,0.0616218659235168,0.07628513327184717,0.09131176664883568,0.057190096453936856,0.07204765397789732,0.11458575621284516,0.10218695562879569,0.10112920411319742,0.12399167320164643,0.16170239287317828,0.15803953992861552,0.16635725877529073,0.20192924161257955
23,3.857807581900682,3.6009227502140053,3.4063710096166147,3.0231410703298307,2.71189116113157,2.303926492202845,1.78168310494702,2.3587681973786028,2.4205635115314785,2.024906452644757,2.7901158593123476,1.683672453367162,1.900862279532318,1.34546885803503,1.0883162220738438,0.9002186822102171,1.1998217914626765,0.8375551609148479,0.5217561433020541,0.36440173060799613,0.2486997667447191,0.1767734981174533,0.0,0.18278467653865244,0.24598028245357192,0.3401300855588312,0.40703925193761803,0.3254389045866198,0.32244170653058185,0.4085257248082368,0.40354909121238836,0.3164514135159329,0.3593837278598504,0.4514993351219978,0.36931623626831217,0.3139903874650776,0.3861698074956517,0.11364864352156016,0.0602681813084503,0.04430859670977626,0.05772182292320854,0.04946650339707428,0.03869743512038852,0.030056260094845265,0.03752528288209114,0.0355801421721306,0.0494599569877377,0.061013461831288994,0.05282394945429424,0.04875901608800705,0.05007064385267667,0.04538671298994194,0.033450924427948246,0.03273350152145578,0.027500702161996883,0.034788732805644235,0.03849812775856986,0.04808919924291975,0.03894377022725983,0.04828448344266937,0.0640126319210457,0.048877606600933064,0.06829678335693608,0.09189139488763344,0.08285239979413513,0.08128253144756413,0.10807947448671724,0.12664070520511206,0.13468825810557433,0.1432075920461797,0.1671874802098347
24,3.59126626927597,3.547799266963155,3.4122355226027663,3.0843666205538587,2.756976632564149,2.7359740166891977,2.2563024288057703,2.5749753187654965,3.8141931456985616,3.359274203497406,2.012804098542678,2.013319212936489,1.9758990031373722,1.161980392849241,1.045512063324445,0.979900795357093,0.9492558191726317,0.7043680421838557,0.5610558947247262,0.385505934287748,0.5149440809376428,0.4427323185978415,0.18278467653865244,0.0,0.16399988054456469,0.22829700097791264,0.3852310494949868,0.45981294428352804,0.29005582882478487,0.3385060579773023,0.45670893793039974,0.3869348272355917,0.3180464133417535,0.3920473673945034,0.3989228068591765,0.35249984563279924,0.31909430231393987,0.32306651259037855,0.08201765695049547,0.06265506213809009,0.05212562907613881,0.05296571547323788,0.04261553657545469,0.029191814833661896,0.03378933591719104,0.03237761319072895,0.059144035530649834,0.06502844543685317,0.04511260422536754,0.06738128755294566,0.032461631711448315,0.050165349681983086,0.055117046461838015,0.040476776156430895,0.0356232589248452,0.04249840428102336,0.06604811191095883,0.04765462095917795,0.06357460200871226,0.0741617168907759,0.09372022618639242,0.057511559166349625,0.07944159037583802,0.12376746977036705,0.09977666938704881,0.11193695423496608,0.10968437553555997,0.13398302218414684,0.15975978361217621,0.17317698913985763,0.18870705574721627
25,2.7286392665855965,2.7699315324625733,3.200981793168939,2.9032007392870294,2.6329180588012675,2.524723333925922,1.971389215722846,1.9218911809040864,2.338399364612835,2.3225543593816558,1.553837471035274,1.6106978760994242,1.8724119014899752,1.060848086571543,1.2222694522100541,0.8541745053473871,0.8600546652106282,0.808005543957244,0.7431947216969769,0.6967477047539187,0.7590393542424291,0.5553752058233397,0.24598028245357192,0.16399988054456469,0.0,0.1401877294278569,0.22099214084506105,0.3845824055403856,0.321555141757699,0.28549161064694667,0.3165499500751662,0.3286983542357918,0.32621407681386705,0.298421386681588,0.318642006609461,0.36007857073012,0.3265798836724217,0.28558754539587083,0.3192770786191013,0.10796536984357291,0.04777758972636807,0.04397959276525196,0.03726124433991428,0.029558640186911095,0.031800339102090965,0.024879540196517627,0.03550277837204234,0.05307030947272346,0.03481253431700641,0.059994511520982535,0.04540314819238597,0.050842537645862294,0.040925273359344115,0.04971477658210101,0.04477210785119592,0.04405573358584513,0.04934493507834193,0.04695487518832294,0.062241458482734775,0.0895000034240229,0.07678629396602873,0.0572447266214571,0.1001162316804649,0.13552540231745477,0.1028890867334769,0.10268754804790535,0.13376438612937563,0.1684813895870152,0.15014970012550574,0.20247218243399986,0.24142626780051613
26,3.132642901365242,3.0378912263508475,3.533555697677014,3.1208085454274714,2.8652155049182397,2.4110837424718716,1.9424140576823705,1.851028764336238,2.1039116546559633,1.529693129766953,1.5756470307417563,1.3598720521426642,2.2040987128886314,1.1452882371371793,1.0247228988855255,0.8196998186818245,1.0210286735792626,1.0966636797723397,0.6288722686235011,0.6249157728062232,0.41618599523927285,0.3278885301136109,0.3401300855588312,0.22829700097791264,0.1401877294278569,0.0,0.14096342649107285,0.22227284388783722,0.3027573962818006,0.3136595647384014,0.28051696070082327,0.2555944076227303,0.317945094282109,0.33735197127300964,0.2819746620649793,0.2949072878969851,0.33816748743362285,0.31791705643344526,0.27605914955529665,0.361845275342441,0.11794869605460169,0.04608426585052723,0.018172609733363935,0.02580313162782477,0.028185884616929592,0.024746668739197376,0.035162999087329644,0.045846161333660825,0.0424117479174414,0.04973829107223624,0.048617909216789754,0.04512886212306279,0.04457242875310284,0.037758877286352514,0.030229581052565953,0.028823892789083243,0.047738993634140484,0.04649891819201649,0.04222870004478396,0.04692743556882209,0.0688462323136459,0.052066631394823475,0.07932822775376158,0.09181045521781975,0.09465457184488062,0.10599889550667872,0.12496137441032647,0.13234680175932648,0.17463021684335625,0.1792888579274373,0.1843427386608052
27,3.861759825847198,3.752389488590663,3.8778224121020455,3.4721510670868034,3.1949488828315755,2.8419741819841122,2.381471331008409,2.2840863601741375,3.181070592427094,2.037919009777174,1.6834377430729501,1.4452982126402119,1.6989247062426196,1.0480108522395424,0.9156882662230819,0.947311580512852,1.1087906611721048,0.8980040892150589,0.5424592315293926,0.4167141684022834,0.4746922256195121,0.4122303369931368,0.40703925193761803,0.3852310494949868,0.22099214084506105,0.14096342649107285,0.0,0.15897505831340622,0.20300852242080514,0.3311088870829955,0.3265850461166209,0.2646044195240126,0.26038053609340994,0.3852904717970788,0.3310775991628138,0.25380187525900605,0.30438327301033935,0.3613323315515062,0.3238124839719304,0.2997874921273693,0.33849857474612616,0.06441742348500547,0.041003809612594186,0.030610556350561428,0.033897914013547956,0.028391289736749648,0.04706003938037864,0.06178560849188898,0.05123373331272711,0.05884253882220171,0.05248831451704345,0.05453436992313937,0.044158451621081736,0.039187492558107426,0.031737038552186674,0.03396963802899101,0.04658035309846983,0.04018625354292047,0.044837998507585644,0.0516497470724026,0.06860157371559715,0.0389389217874126,0.06900966784753886,0.07717249495106221,0.06603950065063856,0.08299716197084975,0.09202317809483442,0.08963822770264841,0.10900432263189638,0.13601613251055994,0.12217031836001024
28,2.9449990266129324,3.0028727560014334,3.292615349119807,3.0702580558215793,2.932703846822225,2.921928156605117,2.268123795262022,1.95019730697427,2.9614548081473355,2.1629286792080706,1.400332134758339,1.368196720994194,1.48858373251805,0.887254393104637,0.9642642549436674,0.9833481787789914,0.818272946827241,0.7613563095121144,0.6475708728311627,0.5779787421436151,0.5968166932316228,0.5331199699725967,0.3254389045866198,0.45981294428352804,0.3845824055403856,0.22227284388783722,0.15897505831340622,0.0,0.15128271892330156,0.20876904654217807,0.3232696283608675,0.29216052037410684,0.23189812956689626,0.3018549485846929,0.32198114988623244,0.3064962329036214,0.2525041838126366,0.29468050457406847,0.3569128477817543,0.3450511455198196,0.28508566556575676,0.29223452944144845,0.04882997503179657,0.03362470899922146,0.03309522240835854,0.025259465060111088,0.036581832647470176,0.04107116453503623,0.04219347385684098,0.048431884124840605,0.04628774376798147,0.04637312646090503,0.03703606407120284,0.04007657222650375,0.04119259338389027,0.05214993333468937,0.053709106596994745,0.05297608433161706,0.056825267087574474,0.09218740533141291,0.0804886007688388,0.06555883833606323,0.09729370959244568,0.12154161071341077,0.0873229826052744,0.11502857411746197,0.12282813960135633,0.1308073547487101,0.13816817027397502,0.18028939776281347,0.19320319521688942
29,2.3378268395316946,2.2511609723106263,2.668746926679523,2.4033968775064083,2.337650244289722,2.3571624051104023,2.0354566616293366,1.677161736076454,2.1371174873869223,1.686346986274406,1.1714712740297935,1.165262745840577,1.6828640802613406,1.0684289844821138,1.0874030091349638,0.8469161226316478,1.0256909220137884,0.8829283527016291,0.8367888170644853,0.643071354521368,0.5019827823429818,0.3841661170170856,0.32244170653058185,0.29005582882478487,0.321555141757699,0.3027573962818006,0.20300852242080514,0.15128271892330156,0.0,0.12185123217215907,0.20523442213621818,0.3019852939657973,0.26204437320550816,0.2489512036115174,0.25194078427380895,0.30345836549527316,0.27464738345118495,0.23801122277554093,0.2968628055449197,0.37025993417445835,0.30023070233900334,0.2954543646859442,0.3786161688942141,0.05192542911550157,0.0679859839688662,0.035945270037492164,0.05218104968958344,0.06240496117821121,0.05449232287073506,0.08088242423438903,0.05110773433871161,0.053661527111331875,0.07500967313535838,0.07862836860820759,0.033411628462260985,0.06569589423176415,0.1020247659268269,0.05924914648763901,0.057366393902827585,0.1210565223407779,0.12324837924509076,0.059812554397431904,0.09605205782817902,0.1863722872341767,0.1103813108307175,0.09887113042670592,0.11768765835351498,0.16260176660497913,0.16007886651714437,0.18653634174858533,0.1791926421732752
