,1,2,3,4,5,6,7,8,9,10,11,12,13,14,15,16,17,18,19,20,21,22,23,24,25,26,27,28,29,30,31,32,33,34,35,36,37,38,39,40,41,42,43,44,45,46,47,48,49,50,51,52,53,54,55,56,57,58,59,60,61,62,63,64,65,66,67,68,69,70,71
1,0.0,0.40759389225496756,1.1231492879809024,1.7561994442426305,2.546227518843318,3.000748716880645,3.4590620060580766,3.7597060235462325,4.108060655621699,4.206501139462147,4.323676466792445,4.326805310630058,4.330022586101918,4.51681688374221,4.307480198534768,4.562004367475034,4.623741650167509,4.132940525531117,3.3538698043278323,3.5593852215098734,3.5407196527822205,3.7993975050408353,4.147341651032999,3.592144936628603,3.215224215202097,3.5443371721217662,3.68027950965942,2.79566304086342,2.8134145548274034,3.380074861427516,3.087061810961785,2.1821803401510063,2.638181600556088,2.985701608141839,2.3938404103267525,1.9075455976923228,2.255447716002822,2.208524884291761,1.7432172688287693,1.5910553315569107,1.9447984852997477,1.7564705504255247,1.4164340849127093,1.2079975835400378,1.1484664746812734,1.0943070742638303,1.2706115286180168,1.0925265769266417,0.8694732268306786,1.0484550431790405,0.7344843802779105,0.7483802943440171,0.953908939273708,0.9025028494974005,0.524933442167117,0.8989243402232374,1.1172319471500836,0.6981346029590135,0.6241457329217374,0.9431286542512115,0.9025180560523661,0.5934780708407632,0.7192830292740224,0.9218466056509685,0.8010927022173722,0.596539245675249,0.9513202166226548,0.9804875492952514,0.8176584180123069,0.8181951444479371,1.068076890215833
2,0.40759389225496756,0.0,0.4376577878714864,1.1171446288236972,2.0838477649690743,2.4404728832931455,2.7617435367166236,3.1860367000130982,3.811988199803741,3.9851195050510264,4.166698809673683,4.386833410927339,4.378143639829954,4.461552268987003,4.458244945145365,4.538006507536207,4.6232597484483655,4.146832671363877,3.64384825569719,3.6576691579195675,3.8235061549412253,3.8482093053685302,4.174392341583279,3.7557121384728607,3.4124232201014406,3.7784789058119315,3.8521787450803293,3.0646686550527313,2.9350423329081607,3.5105124328758635,3.2165877318413543,2.3362591039806473,2.5110099457700126,3.0505715879322293,2.332862895980413,1.7441755870481073,2.0220658047912283,2.157547355399087,1.5581008767648927,1.2974004252876683,1.6530215377029904,1.4942438498205521,1.1112743020304379,0.9653752410960345,1.0263823790987439,0.9451777629325582,0.9836261078908405,1.0203822737176633,0.794186179110819,0.9498962823826093,0.6305900461868251,0.7392651878483455,0.9133868973934886,0.7019605851978079,0.4788292816739967,0.7548211287236946,0.8199799951674487,0.5346901427849153,0.5066902963187485,0.745525520105386,0.655821305430461,0.4408152945208049,0.5803803480020667,0.6867700690459062,0.5681167970762547,0.4894079224765876,0.7448328387432186,0.7476988514907228,0.5875571768362269,0.6628928693460207,0.8688466731764783
3,1.1231492879809024,0.4376577878714864,0.0,0.4203392885213391,1.1077474605172726,2.0700588264491353,2.4650467066597703,2.8980999368764313,3.286170845211744,3.6562818170242575,4.121623978429146,4.289381152692664,4.592399434978238,4.723815944877538,4.53435796210593,4.750020515178311,4.717821032016857,4.290423117828191,3.7880476646217804,4.001909720819312,4.171584518897266,4.225271381624828,4.417067409174312,4.018650771785761,3.8298850518816763,4.195966049556589,4.122902510130033,3.2524004933828943,3.0877462598781085,3.777014213650708,3.2268517986900376,2.48113749843196,2.636237533491419,3.1099558003871737,2.2326802981057776,1.9761647278175463,2.2216280760355342,1.9955776279014437,1.4612808238606871,1.403979469426621,1.7163877597151334,1.3071114767429806,1.09811547636326,0.8342318787393438,0.9825455353107734,0.8626792584303462,0.9610788646252786,1.077474444932475,0.7044661477455398,0.9458837752983028,0.5286574765576201,0.6024713813843959,0.7538367340570508,0.6987054554874035,0.4430403718457898,0.733025933024615,0.7604597204052738,0.5568845695366672,0.47151781398639475,0.7116386026317281,0.6699743835159964,0.4484298326425018,0.573475701319631,0.6929529776103523,0.6143652364082999,0.5076126918000556,0.6436315420929236,0.6629595729664897,0.6534306903859113,0.6777511773339594,0.7198973954470163
4,1.7561994442426305,1.1171446288236972,0.4203392885213391,0.0,0.3851537614124033,1.116729063214283,2.1579250650659314,2.66180603228957,3.0591519457069594,3.230992864734166,3.723227311725038,3.9813513777340286,4.156299560730577,4.33835653029308,4.247544473099519,4.142154534629961,4.424173919256424,4.054605944466454,3.5696370321954056,3.664929911713332,4.11143867179784,4.024648737073852,4.185977472189787,3.95783372969561,3.6472344655443734,3.843960158450416,3.960906185763772,3.2658607384010203,3.0092338286337297,3.4979604313854247,3.1850139776744926,2.236748050251158,2.4024107282852416,2.7321078977594944,2.1001857538884914,1.607308537752516,1.916833277839049,1.8489690526339357,1.4103755822369295,1.159941215879887,1.4877635600581587,1.2943189930428334,1.073021865344022,0.9750074676318785,0.985121905568398,0.9478247108008119,0.973874332328735,0.9496001213253167,0.8866117993974585,0.8669925473939485,0.6616689784245469,0.7407686077383063,0.8726853514877604,0.6837456548632088,0.5244941878959651,0.7378733801356784,0.8210438469090785,0.6054977894905196,0.5862711563926419,0.709888266656951,0.694203969169435,0.4766458730121758,0.6403651553437115,0.7242225660481825,0.6181425048302357,0.5461557217304672,0.7386698178480988,0.7195245231565794,0.6397524133314539,0.6706892664851315,0.7422816299429984
5,2.546227518843318,2.0838477649690743,1.1077474605172726,0.3851537614124033,0.0,0.4154361118915512,1.1595148659486216,2.408774457305218,2.6126388137697916,2.837195673974379,3.5066909587471615,3.6980534438217054,3.793982658023508,4.207013232836769,4.0801486568097,4.15844907929441,4.259024203268211,3.9392777559138055,3.5717917080995356,3.6608484473099523,4.070640671873225,3.9554819612012713,4.220869936217094,4.19251565227391,3.800368405744,3.8874000127197115,4.121632788567675,3.5319747253253553,3.185125965822876,3.7358596089027123,3.4719895356233748,2.4376158148511835,2.6437559551094982,2.9684755115406176,2.1409138790831204,1.8352900097671982,2.0485476688136646,1.8864454015150558,1.356323505450496,1.2902477107023695,1.5394792555857681,1.189232145058166,1.067764249085008,0.9094644084969818,0.9674365574473571,0.8672274807276374,0.9666430737091759,0.9955025101452515,0.7894534404124717,0.8812502431133111,0.6107415287003193,0.6686248443188101,0.8306826662709066,0.6886129704293338,0.4755406847644695,0.7157374446154203,0.8075580102959674,0.5903304930265404,0.534578932544038,0.6682497112016349,0.6581673797122585,0.4353563442737976,0.604740772285454,0.6825346202400354,0.6033392190361477,0.48998197619972444,0.6371096830867692,0.7081646383349091,0.6005830599601512,0.6192600963434832,0.7091030593608718
6,3.000748716880645,2.4404728832931455,2.0700588264491353,1.116729063214283,0.4154361118915512,0.0,0.3873585360987712,1.007303186981643,2.3248553253346764,2.6791344733036664,2.9875707488598318,3.1985392774232158,3.4280988383142543,3.968488545551299,4.026657029818014,4.0107693522693015,4.017185109606242,3.6562882948618114,3.5684906871984654,3.495052352700484,4.115360910616848,3.9628452471214164,4.118522922411301,4.337638689667548,3.8323709065677036,3.6301760464155177,4.07472942957088,3.6510587044634253,3.2033856946360264,3.511204548694197,3.2303303225841162,2.31472055158114,2.4239867745775907,2.6573212757442404,1.8221895880288355,1.4931123121514691,1.7961743967605441,1.632601824876093,1.106593192069519,1.1469873441105627,1.4307076239983219,1.036382820849289,0.9585007482191168,0.765456391872582,0.7919483265433326,0.7256317315006864,0.829977844056164,0.8499133709902225,0.6682967523383186,0.7341074971036515,0.5200719060919363,0.5643806075311272,0.7203277798830042,0.5738684711055715,0.4249728118129541,0.611606690202811,0.7234155312335996,0.4825869322939011,0.4737082935343991,0.6148913209745057,0.5904764455179325,0.4031641745049504,0.5230636951477701,0.6048959924793267,0.5506214577757782,0.4501233949729008,0.5299042642622976,0.616312466611774,0.5162037416461358,0.5631754853279057,0.6105192550520602
7,3.4590620060580766,2.7617435367166236,2.4650467066597703,2.1579250650659314,1.1595148659486216,0.3873585360987712,0.0,0.3968520222057978,1.047942771121796,2.3281322931176933,2.680696208666229,2.727104129885207,2.9090907488819036,3.683091921461712,3.8713953594489894,3.831044724858504,3.681100669591256,3.189742095437984,3.560271337357553,3.037624495805191,3.8545148745741953,3.9528194956134275,3.8563457929513043,4.358775900179193,3.658009156494826,3.2666025309982634,3.896416196022369,3.4669319561223753,3.008269301794695,3.261245774217263,3.0222228724203406,2.32524965610514,2.390133283856395,2.579444132493775,1.7313313497207679,1.3916896832209265,1.6514458785533124,1.5102542811337847,1.0269204588826508,1.033509150263567,1.2548018942796941,0.9549739542489941,0.8586369351520331,0.7245020617937786,0.7347548457623341,0.7481706421551306,0.8414406452377222,0.8008356890391758,0.5973230843814908,0.6996016721420392,0.4370857849169988,0.5206537677685478,0.6563951013387889,0.5430346954529561,0.34392905402952867,0.5242658547182962,0.6224534044003209,0.4117810068769525,0.40241632290220214,0.5464103155331608,0.4989818352090992,0.33766814225891173,0.45982964147530697,0.5086997352534569,0.4919896019844745,0.4052298732041447,0.45829249682759937,0.520002819736587,0.48151574243879347,0.48695068467064034,0.5347842606669105
8,3.7597060235462325,3.1860367000130982,2.8980999368764313,2.66180603228957,2.408774457305218,1.007303186981643,0.3968520222057978,0.0,0.4082646534278581,1.0262550599841718,2.4084056806568994,2.3108629269235434,2.5426476775687257,3.19297267427213,3.483009278484143,3.4638324834032836,3.398788352566422,2.839554131851324,3.2711533123480367,2.8943832256991517,3.801211690875202,4.353911052964058,4.510482721697431,4.526892012259903,3.6285261345633417,3.4022064555889857,4.009672239548325,3.3718148091526423,2.840688664868091,3.1922398613156577,2.9188917271090693,2.117807004480457,2.1265091546980885,2.366281038564144,1.4524167014499683,1.1447608800632703,1.458139591399552,1.270301424049586,0.9125685176503948,1.011529028205332,1.1801384866708051,0.8872793682182843,0.8163132480972947,0.6496066809457776,0.699029569145257,0.6628628842609382,0.7176106176025124,0.7469946447100636,0.616713856375458,0.7239479800117312,0.4953094308459111,0.4970972900843739,0.567907916749331,0.5235120055911121,0.365477154718104,0.4895973077636986,0.53725956857036,0.4273125660677862,0.3923330976851715,0.49429946295908317,0.46429016772691045,0.3193266330370673,0.4410889221381044,0.4621771563790256,0.434397488868416,0.3482635796098701,0.43294648795234053,0.4704854494632777,0.42733007388719263,0.42944035567972,0.4642525260747844
9,4.108060655621699,3.811988199803741,3.286170845211744,3.0591519457069594,2.6126388137697916,2.3248553253346764,1.047942771121796,0.4082646534278581,0.0,0.4205099262256043,0.9709086516408583,1.795821130832395,1.9566280238218705,2.6500972591896583,3.328701877023742,3.5338025140911413,3.0386472910645703,2.6128775901985457,3.003717920492006,2.8272555036163367,3.709098994467779,4.532364239791917,4.560718996925915,5.164797759901402,4.074356595437157,3.3851213191879705,4.527181627693946,4.112682253142564,3.1423585200018205,3.460005441135519,3.3420811192713833,2.4192552480471625,2.4343858998666894,2.5553815795634014,1.785679716806377,1.2331234992433338,1.50805050037088,1.274409509032318,0.9268681399737746,1.0970186822399741,1.2282567551753436,0.8725552875948568,0.7821356777842233,0.5519977808526323,0.635511780027575,0.552815402086579,0.77228566299742,0.6798486496672407,0.5448023808475525,0.6807957447726178,0.43517714560256376,0.4975912173566238,0.5282570237090003,0.46660555612465104,0.3321953314040692,0.462564506141572,0.5350764105888309,0.3878828522446158,0.4121106518392152,0.4861051459094826,0.4524357970047658,0.3064932384463877,0.4484935745456786,0.4891135731922961,0.3942036879767612,0.3479588697804437,0.4272685383962418,0.43626613144729615,0.36060040072718197,0.4088751660845752,0.4469101514026256
10,4.206501139462147,3.9851195050510264,3.6562818170242575,3.230992864734166,2.837195673974379,2.6791344733036664,2.3281322931176933,1.0262550599841718,0.4205099262256043,0.0,0.38933230334203744,1.121893815905812,2.0265889106346324,2.664642808823359,2.851391330047352,3.5348778716048916,2.9121477710230406,2.32218506958737,2.6174489005259884,2.6618296989951515,3.900706873459756,4.901453128824188,4.594281545692853,5.277629000415356,3.987909013319914,3.055746552997076,3.649176882416084,3.5595553594788196,2.746821770918669,2.7428475081409296,2.6957801703835353,2.178294878630782,2.228489420297204,2.226418182704645,1.2857886267937426,1.201145233772399,1.4113471447301733,1.1180116226685586,0.76732877800912,1.0862984817418204,1.1645817591706193,0.7473158063605067,0.7360730043489551,0.5250144139345488,0.6436639130012314,0.5872429283143237,0.6816788209463709,0.7052852016957253,0.5103490315447817,0.5665171258563535,0.3823277679893048,0.42322279272610913,0.5797321673432854,0.4352211098028176,0.3193976719768105,0.3882509642654868,0.49216257483344716,0.33139440036504575,0.3356539148040449,0.40430490258158963,0.4073166794228315,0.2734677743666204,0.3626520669534493,0.3839342863445476,0.34507880106499145,0.32223966644344876,0.36103981067088875,0.4115836863898596,0.3828537253766134,0.41929449301133104,0.4754220591087089
11,4.323676466792445,4.166698809673683,4.121623978429146,3.723227311725038,3.5066909587471615,2.9875707488598318,2.680696208666229,2.4084056806568994,0.9709086516408583,0.38933230334203744,0.0,0.4382779265918628,0.9102295781116274,1.4632738824568081,2.341103866126887,2.4771392110497783,2.481314775097512,2.2122907284349633,2.4934257278661676,2.5845265009669607,3.9119101982316113,4.73875226246302,4.442821909866271,4.390053148966018,3.4838942828061903,2.8399706076322833,3.3801781604301246,2.8658114932056824,2.3210276342496767,2.3792250301304705,2.145304008990969,1.7046597896116802,1.9758983808222097,1.8144551006217413,0.9255908153494772,0.9301691276289349,1.1265446702957225,0.840724835044763,0.6546369602200943,0.7970536001352574,0.8295612918325607,0.6185136621111311,0.6411750140728582,0.4446983599060685,0.5790882631943587,0.5281892754285649,0.6708087940601296,0.6954972097187442,0.5544555051257712,0.5160764232195223,0.3641347918105161,0.4429944782146286,0.5410941675361691,0.39994614831716346,0.2703678088526801,0.39792895113705457,0.4356630279331768,0.3451556851781939,0.3062836952314861,0.43766474927667337,0.3668680045768944,0.2387840998957948,0.3734766812964465,0.41097942790242126,0.3432196405402481,0.2746051897262792,0.3883611645720603,0.4179544341333669,0.36862699890235373,0.38551954130989313,0.42917957789300365
12,4.326805310630058,4.386833410927339,4.289381152692664,3.9813513777340286,3.6980534438217054,3.1985392774232158,2.727104129885207,2.3108629269235434,1.795821130832395,1.121893815905812,0.4382779265918628,0.0,0.35597905793380524,0.9913809969954767,1.657136723055743,2.2765822674529255,2.537877726753365,2.7198218445358577,2.5443037075554744,3.0398820983201635,3.999793265167349,4.56321200783233,4.226202663973353,3.7237868670417944,3.44665521099467,3.230887401325832,3.1994601568274494,2.7061567540119777,2.6324606769022028,2.749382630066481,2.240969521260902,2.110824591121414,2.566363997574684,2.020434533439549,1.034124860267851,1.1503135975413261,1.2876990873258884,0.8429695929087437,0.6026168888367507,0.7520610902587618,0.7838707487491193,0.5824849411143193,0.5219925981409648,0.44145240142468034,0.4381062206624655,0.46394633856423223,0.5511039431016701,0.5751828519181382,0.456256001402964,0.46007551203698743,0.36632933110562893,0.39481877500816676,0.5398580578162568,0.42440121402393965,0.29608569704419857,0.35893192264315105,0.46401977350101237,0.33423789680775984,0.33477840939460324,0.4098979780511381,0.4207825445832896,0.2789885803065319,0.3607787657680568,0.42714345741800236,0.36200379036493946,0.31204444386816443,0.38649497962300133,0.40449023526331107,0.41441157131410683,0.42367908319304487,0.4273597080336564
13,4.330022586101918,4.378143639829954,4.592399434978238,4.156299560730577,3.793982658023508,3.4280988383142543,2.9090907488819036,2.5426476775687257,1.9566280238218705,2.0265889106346324,0.9102295781116274,0.35597905793380524,0.0,0.3978027116145583,0.8161494910603044,1.4338191992386,2.401576063097381,3.386417407755094,2.618475299992409,3.8322708159160395,3.9845704837489584,4.291464177481861,4.350808243652031,3.915972609513243,3.6767693735480167,3.817769751758585,3.6851492233139584,3.0727028944599235,2.997599879071193,3.1261366684066543,2.300364575264086,2.0471955299076794,2.57475776123411,1.9503085216341594,1.0784867530910716,1.6118703432431756,1.6534081674283019,1.04935361576507,0.7358044607684915,0.9770768484154816,0.9574679107869591,0.5901630538184566,0.6173294596808854,0.32225865966179346,0.39665540481170064,0.3178478314118772,0.49738950046106106,0.5320196801227047,0.39772243655821976,0.4513138779840824,0.3013208330138624,0.3364319716807618,0.5082593108191183,0.409397109468227,0.2420365343156339,0.37995691659904085,0.5007431107783158,0.3338628558991079,0.3368406907038357,0.4818025315645986,0.5016224956844998,0.2638801348755022,0.4546478256749509,0.5121087988266497,0.41545412090889594,0.3000836439111653,0.43050527315743864,0.48457097311973146,0.4626786255913357,0.42207065411579797,0.4093003651208176
14,4.51681688374221,4.461552268987003,4.723815944877538,4.33835653029308,4.207013232836769,3.968488545551299,3.683091921461712,3.19297267427213,2.6500972591896583,2.664642808823359,1.4632738824568081,0.9913809969954767,0.3978027116145583,0.0,0.2866780708907721,1.3166967798508318,2.185368138593942,2.297279882753825,1.9434101308662768,2.1264727273822097,3.0667108556372695,3.2258682346851035,3.0083821801631507,2.5639398964304223,2.327253374732674,2.384348865462276,2.338464136778086,1.9725884028569132,2.2517428220786324,2.4068454249202547,1.806192041028853,1.8178203401169388,2.4087950421484274,1.82224979118092,0.969438152048781,1.25573832808916,1.3099235852244078,0.7938814916832067,0.6736896902558035,0.7679614195410621,0.668393592342497,0.41548894341074033,0.4676040923335745,0.29887023181117517,0.40873357761828616,0.3135258720918252,0.4298223592515218,0.5550086320596256,0.36868301260020064,0.4136701633460095,0.29321865751851695,0.3512394246882612,0.4623717612098137,0.33956759088052274,0.231953289052948,0.38267823982734195,0.43271912575324467,0.30997833630604954,0.29785090295950656,0.4506276304937219,0.3895922377480407,0.2776633726887636,0.37843413603745807,0.46857466341083365,0.38226394885077286,0.3081411609617475,0.41978453176289876,0.4841357858065059,0.454588444425165,0.4455327454759075,0.464682578939193
15,4.307480198534768,4.458244945145365,4.53435796210593,4.247544473099519,4.0801486568097,4.026657029818014,3.8713953594489894,3.483009278484143,3.328701877023742,2.851391330047352,2.341103866126887,1.657136723055743,0.8161494910603044,0.2866780708907721,0.0,0.32090200657837126,0.7749598366061037,1.4584664980786837,2.2828755064234905,2.0451081464970615,2.8580256401720203,2.5501111879540628,2.4815137344658105,2.213450873938071,2.3248175501198305,2.107629700257591,2.1009552568605794,2.0125390844133646,2.0790946296297914,2.232179916056919,1.7093478645240467,1.8235533933954884,2.24766035011604,1.7299158881398555,0.9857433257401532,1.3235350350752937,1.426783326663059,0.8585158759108982,0.5807884115512808,0.753929361202997,0.7050664921205658,0.377558545833991,0.35793878769350107,0.21842327744909903,0.2679239576795428,0.19521177035756246,0.3848079951834869,0.3584666996614254,0.23136222768005776,0.3819930453503628,0.22553335028739513,0.23512123862644818,0.3926202953819001,0.33931026314073715,0.1920088151329688,0.3005520100309876,0.46374427724912987,0.27387743224704253,0.27058675486508477,0.44365550310412166,0.4846891737658598,0.23522769702595286,0.3916783308656423,0.5641468872034204,0.40894223666644036,0.2990472887931224,0.42348433808825614,0.5287606000748902,0.39078621302025757,0.40029772094734567,0.5045807948237054
16,4.562004367475034,4.538006507536207,4.750020515178311,4.142154534629961,4.15844907929441,4.0107693522693015,3.831044724858504,3.4638324834032836,3.5338025140911413,3.5348778716048916,2.4771392110497783,2.2765822674529255,1.4338191992386,1.3166967798508318,0.32090200657837126,0.0,0.3273271836071027,0.6400263469957547,1.5795856384278835,1.4892648023927766,2.1649653488616054,1.9933016375213273,2.175295717051034,2.2256280028683757,2.0065069251595986,1.9235581418450758,2.0550945870860002,2.2940443611344934,2.1942858942484684,2.1694050080708913,1.7434061471463034,1.6766618560279196,2.3958487892682987,1.4833439288081143,0.8518778058553729,1.4468373420806777,1.2737703947885652,0.6213804561220193,0.5696479082098763,0.7309844844712954,0.614031669327959,0.33735910687179066,0.42791302394222014,0.23983215195501542,0.32690252302280715,0.2735234545627987,0.4098910992455771,0.4679731736889856,0.27036647842072475,0.39985297406448067,0.2360177857676469,0.2958666678289623,0.4300754215123076,0.3385267669811923,0.21820889604967383,0.364443630398692,0.5056715991389906,0.2881629615663983,0.29173026521902395,0.6085010390698318,0.5129490147711546,0.2682905472274709,0.3992972164746262,0.671428391138219,0.4908409287247282,0.34601050509480175,0.4729717997811621,0.6742784807283482,0.4783253065958318,0.49575489716264276,0.6365834062198817
17,4.623741650167509,4.6232597484483655,4.717821032016857,4.424173919256424,4.259024203268211,4.017185109606242,3.681100669591256,3.398788352566422,3.0386472910645703,2.9121477710230406,2.481314775097512,2.537877726753365,2.401576063097381,2.185368138593942,0.7749598366061037,0.3273271836071027,0.0,0.4876712376209806,1.020567767601744,1.0832763115039243,1.8487452167064653,1.8950187453831495,2.476188141275064,1.896341126173924,1.6751015987095739,1.9984291305270507,2.068987009535947,1.7138423218509817,1.8599550143483998,2.1307158079127815,1.6476254244270232,1.7346863045114684,2.0684123231701275,1.8097312420361247,0.9568015296109948,1.36193221149817,1.3380341943404086,0.676763119062805,0.4920589356348841,0.6852672252339258,0.5517274801809527,0.2673860683555423,0.3490654961506892,0.18337821911011526,0.23227755438398734,0.1966085627885704,0.32254616894691485,0.38147333920518034,0.2545411413538901,0.3413856119399278,0.2035734472017825,0.25304318432556805,0.33407373122335576,0.24098538063666902,0.1789613743163727,0.3209507437479677,0.38489252895722437,0.23471709962266787,0.22630523587348553,0.4760382664990155,0.37661203943350446,0.23854305255896333,0.33206004147981016,0.4883501398189352,0.34862120910551336,0.29476906788839624,0.4114817574113741,0.4843553282380756,0.4376871821463113,0.40636163692613747,0.47317370750028176
18,4.132940525531117,4.146832671363877,4.290423117828191,4.054605944466454,3.9392777559138055,3.6562882948618114,3.189742095437984,2.839554131851324,2.6128775901985457,2.32218506958737,2.2122907284349633,2.7198218445358577,3.386417407755094,2.297279882753825,1.4584664980786837,0.6400263469957547,0.4876712376209806,0.0,0.22643246355380514,0.8451517428632243,1.3681422395782392,1.59105658843476,2.0533573363346496,1.4953643203349287,1.5577138550175906,2.3437030831511403,1.7710795587565245,1.5662984711444432,1.5594435755449776,1.8608203813015727,1.740045014604802,1.521269673701999,1.7830776050795039,1.7053246173373555,1.17360617483472,1.513984789943504,1.4265320818341798,0.6583306143182441,0.43442281725659876,0.651140510618756,0.4480819228964604,0.20631053307580666,0.23440863222295427,0.1218357501924359,0.17321623481305407,0.1347037316276578,0.22655941782215433,0.2856723827134198,0.1875696756176976,0.19818683698035863,0.14315803360103357,0.17837038845015188,0.24956952839066923,0.1664344338999163,0.11887729828732468,0.22532783000671458,0.23550246429470043,0.17555627822487632,0.16122014754701502,0.321563662938026,0.2629472409422716,0.16675880119367636,0.25300031203509404,0.37021927312788067,0.2640941321450398,0.19564703550407514,0.314472953060158,0.3671156094904228,0.3510285191726195,0.3009609266820555,0.3429497764018752
19,3.3538698043278323,3.64384825569719,3.7880476646217804,3.5696370321954056,3.5717917080995356,3.5684906871984654,3.560271337357553,3.2711533123480367,3.003717920492006,2.6174489005259884,2.4934257278661676,2.5443037075554744,2.618475299992409,1.9434101308662768,2.2828755064234905,1.5795856384278835,1.020567767601744,0.22643246355380514,0.0,0.28919366382549744,0.6364022437998282,0.9213406072167444,1.124694450511303,1.0296236214866903,1.245364011223712,1.262708708685694,1.0530223555193154,1.2728267613330628,1.6220873108351523,1.4852125147250312,1.3043394903814691,1.4218879769732304,1.5754240944485727,1.3931017581743415,1.1107752902497134,1.4780529907475424,1.2842946509437616,0.47672127575127826,0.3342819888878309,0.6133309761139918,0.3347491213046055,0.15502381131574058,0.18828827583507216,0.11328632074739944,0.15114063081885049,0.13739675948434596,0.17339368913399678,0.2018447394566097,0.1693524198544092,0.3247037467470919,0.14134866851317854,0.16626144998049083,0.22713398657520983,0.21714231251245297,0.11595688241687546,0.2553469246972797,0.3549304706192374,0.17781559398484595,0.21583390406851588,0.3925184704161086,0.3638224212244118,0.19770852156186505,0.3713595105204346,0.5388691650451584,0.33131186170132343,0.2672190111909891,0.4426946103586933,0.4568805256330496,0.34372986391245325,0.39085100011442686,0.476125421902983
20,3.5593852215098734,3.6576691579195675,4.001909720819312,3.664929911713332,3.6608484473099523,3.495052352700484,3.037624495805191,2.8943832256991517,2.8272555036163367,2.6618296989951515,2.5845265009669607,3.0398820983201635,3.8322708159160395,2.1264727273822097,2.0451081464970615,1.4892648023927766,1.0832763115039243,0.8451517428632243,0.28919366382549744,0.0,0.19428958163190857,0.5636357251682614,0.6184893420590472,0.8712867782963442,1.3372630333905646,1.2792307271310985,0.8392941169698767,1.1823336438679424,1.442734453544025,1.0746813153865207,0.9574016794910721,1.0172293022460623,0.966239759968828,0.8221027004032517,0.6982021869733746,0.8031900281461388,0.6990917991953732,0.4763095031561204,0.2582551388549128,0.26739134964511035,0.18778013670541283,0.131094741547782,0.12554928729477188,0.08664846606567286,0.07560911019968412,0.08144628191248798,0.1125260400550964,0.1396746708795625,0.11419701768742589,0.14269314433516975,0.09427500999997508,0.0991931607933454,0.14716433009885233,0.12558570913311765,0.08602345615563523,0.1522972798209919,0.16955732171016727,0.10180670969522801,0.12360071822570451,0.24874628758617995,0.17033860671856826,0.11542561214300733,0.2075740219267869,0.3117104300777043,0.19972400959694028,0.17363881699700276,0.2681666852609866,0.28599689828588787,0.24385909875379033,0.2571702481521421,0.2891970954016247
21,3.5407196527822205,3.8235061549412253,4.171584518897266,4.11143867179784,4.070640671873225,4.115360910616848,3.8545148745741953,3.801211690875202,3.709098994467779,3.900706873459756,3.9119101982316113,3.999793265167349,3.9845704837489584,3.0667108556372695,2.8580256401720203,2.1649653488616054,1.8487452167064653,1.3681422395782392,0.6364022437998282,0.19428958163190857,0.0,0.3032014109496139,0.5730946612137993,0.8864221207692504,1.2530801652003045,0.7794499791994804,0.8296292996243346,0.9866090070049652,0.8383662231585567,0.8353555681482129,0.8242850434651333,0.8614778177445159,0.9148793280750632,0.875063782848204,0.6728952756166099,0.7466713331866827,0.44360470708659844,0.17392136651294346,0.14524102929757227,0.14848167302179038,0.11722359841083799,0.11031075498322301,0.11434911394517279,0.07441617048185302,0.08398154735240759,0.05265234458849914,0.11058017949396974,0.1293403191044443,0.06770202905471456,0.10696629778814834,0.07574621155843402,0.09659494826907464,0.11537312713308535,0.097620023984128,0.07762032491928485,0.1083137556112868,0.12459097871799261,0.1123728365214101,0.13000498052510479,0.17132835935076457,0.13592478636550626,0.12365668152824247,0.19924758722252506,0.21446008751695403,0.18287413586698173,0.19774078656757973,0.2572894496686665,0.2426270213394985,0.24446437730882567,0.28772814200616614,0.3189484081045296
22,3.7993975050408353,3.8482093053685302,4.225271381624828,4.024648737073852,3.9554819612012713,3.9628452471214164,3.9528194956134275,4.353911052964058,4.532364239791917,4.901453128824188,4.73875226246302,4.56321200783233,4.291464177481861,3.2258682346851035,2.5501111879540628,1.9933016375213273,1.8950187453831495,1.59105658843476,0.9213406072167444,0.5636357251682614,0.3032014109496139,0.0,0.24008227551313066,0.7537498494150001,1.142947750418192,0.5406084067413762,0.6557275339484748,0.8188628387812468,0.7340642575013366,0.6241651853572509,0.6889832758055477,0.738635709397037,0.6470419239581422,0.6190091637528574,0.5790030121190716,0.6068308208773567,0.31301634146374957,0.22182959778564837,0.16424264814411782,0.12333605497133121,0.12266788038709296,0.10619894963044495,0.10403389968172795,0.07586885901346695,0.0539576528758277,0.06084456379831387,0.09149962690999049,0.10307236129240302,0.06498658155977947,0.09294328356187433,0.050107270530642255,0.073035342679828,0.09410615425306795,0.06559937526291648,0.05916150892548995,0.08607614572909153,0.11378793714026957,0.0844582455693679,0.09871733728556176,0.1800914937812852,0.11782887234495343,0.09768346282887387,0.12699750306225796,0.21174134068695752,0.14984879452247066,0.1665038849365908,0.20704639570448044,0.2277015736367637,0.2193568053565948,0.24950073389541755,0.24507204457828505
23,4.147341651032999,4.174392341583279,4.417067409174312,4.185977472189787,4.220869936217094,4.118522922411301,3.8563457929513043,4.510482721697431,4.560718996925915,4.594281545692853,4.442821909866271,4.226202663973353,4.350808243652031,3.0083821801631507,2.4815137344658105,2.175295717051034,2.476188141275064,2.0533573363346496,1.124694450511303,0.6184893420590472,0.5730946612137993,0.24008227551313066,0.0,0.225033459977606,0.3263098062018767,0.519070310758875,0.5800679257781769,0.462248958695403,0.5101570196894304,0.6258594874742843,0.6197271606872684,0.5283944212142516,0.6047897338024896,0.6547393188405843,0.561606542594551,0.4908452277348579,0.5733812235056722,0.27825015857530044,0.16273721501346955,0.12478420157752636,0.16829543422127666,0.15515430065798191,0.11720398726940114,0.09129544292903193,0.07279850214726584,0.06559965744036055,0.08791449681998569,0.1240314087075598,0.0882509877630939,0.0908279203944096,0.07302413741681434,0.0918566565171174,0.07343651587393386,0.06612531067556386,0.06044568480397032,0.0737439948303098,0.08301856028053263,0.08031110790210522,0.07829735020927099,0.11549672840595283,0.09276928716439539,0.0752007025281895,0.11690191394334594,0.1598101590441699,0.1203642566746909,0.11444247503319133,0.14833554236165347,0.1868255877935952,0.1858029566801676,0.19265707173624874,0.21400533529905255
24,3.592144936628603,3.7557121384728607,4.018650771785761,3.95783372969561,4.19251565227391,4.337638689667548,4.358775900179193,4.526892012259903,5.164797759901402,5.277629000415356,4.390053148966018,3.7237868670417944,3.915972609513243,2.5639398964304223,2.213450873938071,2.2256280028683757,1.896341126173924,1.4953643203349287,1.0296236214866903,0.8712867782963442,0.8864221207692504,0.7537498494150001,0.225033459977606,0.0,0.18477931342322504,0.2866969396764452,0.5641572352926506,0.7351036752078329,0.4971506535507161,0.5280246821068604,0.694800097361424,0.5939569965215776,0.5613737455957614,0.6496355205745195,0.6436730878129855,0.5476521145999432,0.4673976280762314,0.48579922108651763,0.27214883668539547,0.1672621793433458,0.17301280269173058,0.1787312572430339,0.15260805853575754,0.10206411156890996,0.08329626752585416,0.07659726006436011,0.1080277791162915,0.10171725965681394,0.07353886984743642,0.09026631198659692,0.0616980127161955,0.0765038402076269,0.10178517925037676,0.06879271094702614,0.06598090147307352,0.08787215633729205,0.11595218488878924,0.07612688267500167,0.10359962145058696,0.15808175386914974,0.12281024526675219,0.09982710214343066,0.1325156879396343,0.17619374674504248,0.13440814774960097,0.17658438741898277,0.17997219861321023,0.18712786226382228,0.19374535740030172,0.24343476868835978,0.24628481171164862
25,3.215224215202097,3.4124232201014406,3.8298850518816763,3.6472344655443734,3.800368405744,3.8323709065677036,3.658009156494826,3.6285261345633417,4.074356595437157,3.987909013319914,3.4838942828061903,3.44665521099467,3.6767693735480167,2.327253374732674,2.3248175501198305,2.0065069251595986,1.6751015987095739,1.5577138550175906,1.245364011223712,1.3372630333905646,1.2530801652003045,1.142947750418192,0.3263098062018767,0.18477931342322504,0.0,0.1685276808419247,0.2643083001426487,0.5201205267261777,0.46933176193112114,0.4056828451221914,0.47131669330613624,0.4873180465965525,0.490592629779588,0.47871305970367667,0.5001395929549959,0.5669299373897194,0.47558695319861194,0.41907346664653106,0.4557666166994081,0.2537936510710002,0.15072577918251637,0.12202252491739113,0.11924511844806412,0.09346745347240783,0.08259760456638268,0.05900539111209034,0.09040288876639,0.11153890375755693,0.07490892181971476,0.12056300962631619,0.08239246364806012,0.08959855899328296,0.09084244429108958,0.09952370964306567,0.07722655620391876,0.09871641926679761,0.1308921247118926,0.09650115373641636,0.11262164662400669,0.18444499530444386,0.168839573461546,0.10169660101777858,0.18835385703687,0.2206446039491655,0.1569933764716384,0.16385483682054933,0.22391566397672097,0.21654585266800372,0.19027152117860438,0.2692128395961417,0.2894042234057774
26,3.5443371721217662,3.7784789058119315,4.195966049556589,3.843960158450416,3.8874000127197115,3.6301760464155177,3.2666025309982634,3.4022064555889857,3.3851213191879705,3.055746552997076,2.8399706076322833,3.230887401325832,3.817769751758585,2.384348865462276,2.107629700257591,1.9235581418450758,1.9984291305270507,2.3437030831511403,1.262708708685694,1.2792307271310985,0.7794499791994804,0.5406084067413762,0.519070310758875,0.2866969396764452,0.1685276808419247,0.0,0.17140906232191921,0.2609135660448494,0.4553957823627469,0.5099411360804625,0.3970426906607095,0.37467197652516626,0.5324637289874635,0.505042159577595,0.45380782870424724,0.4450734785547902,0.5154907401307752,0.5067655847152968,0.3964325069529733,0.4503311137157781,0.2649329587126437,0.12331635601987585,0.08669995073271755,0.1035496776004083,0.09996310683784221,0.08538333272222047,0.10944008109909459,0.15038582059452638,0.11572579034672523,0.11174214994804386,0.09905618006824773,0.11279415390404525,0.08807010152316008,0.08579561336286597,0.0700625504975917,0.09281189129596805,0.11175063699605096,0.09546420829447595,0.101241072779916,0.14509472124018055,0.12000071568290309,0.10028720960633143,0.17864883418237987,0.18748495445153995,0.14469036535224278,0.15788509782591037,0.22545774965185283,0.20184161601290276,0.21721383652474271,0.24348321126643263,0.23936952034420797
27,3.68027950965942,3.8521787450803293,4.122902510130033,3.960906185763772,4.121632788567675,4.07472942957088,3.896416196022369,4.009672239548325,4.527181627693946,3.649176882416084,3.3801781604301246,3.1994601568274494,3.6851492233139584,2.338464136778086,2.1009552568605794,2.0550945870860002,2.068987009535947,1.7710795587565245,1.0530223555193154,0.8392941169698767,0.8296292996243346,0.6557275339484748,0.5800679257781769,0.5641572352926506,0.2643083001426487,0.17140906232191921,0.0,0.1820804043222635,0.25042352784205496,0.46560343336794774,0.5133217771382262,0.3693800146717159,0.42702602546115104,0.6050747732911269,0.5097947658113526,0.41510263629606814,0.4462838978380562,0.5275935174852022,0.49182049465080147,0.4510394103183512,0.5010255467572537,0.26440926272927273,0.16811293993011128,0.1631689691093469,0.1414902261550197,0.1111052096525312,0.15560885148925307,0.16357392838754872,0.11192490686065239,0.10156546849884256,0.0891679797114051,0.10237213363562135,0.08262450554476712,0.08605586625311216,0.07089737929674603,0.08688047061266552,0.10445661770823497,0.07370556415029575,0.10604707672643213,0.1450900449844769,0.09984924031699459,0.07673371389967273,0.12996023757114483,0.15726551485440565,0.09640385292053483,0.12556388687532227,0.16306270162785835,0.13642097534707212,0.14521313728135463,0.18610664706330868,0.16567050064039276
28,2.79566304086342,3.0646686550527313,3.2524004933828943,3.2658607384010203,3.5319747253253553,3.6510587044634253,3.4669319561223753,3.3718148091526423,4.112682253142564,3.5595553594788196,2.8658114932056824,2.7061567540119777,3.0727028944599235,1.9725884028569132,2.0125390844133646,2.2940443611344934,1.7138423218509817,1.5662984711444432,1.2728267613330628,1.1823336438679424,0.9866090070049652,0.8188628387812468,0.462248958695403,0.7351036752078329,0.5201205267261777,0.2609135660448494,0.1820804043222635,0.0,0.17481628636498578,0.2555279131352023,0.44552497221949433,0.3916813780985462,0.35827232797966635,0.46746830288574687,0.5070942587491366,0.44405768226927694,0.3878126976279376,0.4537837630381343,0.5240533798006496,0.4770808793050128,0.4609763492122831,0.4366794028737908,0.20599876182811713,0.12218249916032797,0.10052994701112067,0.0998578471933825,0.12233070364936413,0.11368158348031708,0.10952527931776411,0.109192739440748,0.08858940183669814,0.08208268447889926,0.07807446740256549,0.08817982218826016,0.08342476239053963,0.1119944007952069,0.11132459638730455,0.099787689647601,0.10012804944856928,0.1909073573069516,0.12288309602044913,0.10655625929255128,0.1604362638791427,0.1892039807660396,0.1348447283596905,0.1585257505127789,0.19443538529065857,0.18112540051891526,0.16562394093438823,0.20953631178964663,0.20511794382354204
29,2.8134145548274034,2.9350423329081607,3.0877462598781085,3.0092338286337297,3.185125965822876,3.2033856946360264,3.008269301794695,2.840688664868091,3.1423585200018205,2.746821770918669,2.3210276342496767,2.6324606769022028,2.997599879071193,2.2517428220786324,2.0790946296297914,2.1942858942484684,1.8599550143483998,1.5594435755449776,1.6220873108351523,1.442734453544025,0.8383662231585567,0.7340642575013366,0.5101570196894304,0.4971506535507161,0.46933176193112114,0.4553957823627469,0.25042352784205496,0.17481628636498578,0.0,0.1520276700593435,0.23821878612950045,0.4307630397636066,0.34993956869703635,0.3870926125366986,0.39504008540769364,0.44097296004000736,0.4171522139753115,0.37449542829626753,0.4153463450588179,0.495082675843363,0.4486569522170138,0.4385335303855346,0.5111427651198558,0.13311579505844642,0.1574530952440044,0.10415239544530722,0.1443957514380614,0.2157859195995723,0.12826305513116862,0.22613014742472692,0.10857116799845234,0.11759107813879299,0.12016876718089885,0.14081176873335163,0.08142601553925953,0.15526910714618786,0.1760591417072441,0.10873416112457057,0.12195921732352548,0.2396626387905392,0.23083445653543835,0.12079921030094089,0.1938271691571461,0.3130266537331832,0.16180845164094468,0.15519825994690478,0.20434212015143538,0.19800555098315986,0.23214805422889348,0.22587787705522858,0.21701548748613
