,1,2,3,4,5,6,7,8,9,10,11,12,13,14,15,16,17,18,19,20,21,22,23,24,25,26,27,28,29,30,31,32,33,34,35,36,37,38,39,40,41,42,43,44,45,46,47,48,49,50,51,52,53,54,55,56,57,58,59,60,61,62,63,64,65,66,67,68,69,70,71
1,0.0,0.39998122304501244,1.1334411243124616,1.8054539878834837,2.601005668820286,3.0655893740051927,3.5734614522317516,3.8956721499017095,4.156220984740583,4.183351007283012,4.3396612012407685,4.444794755224483,4.38117266914693,4.714963189764125,4.658729319437104,4.769138175866756,4.896632980508237,4.350352322122339,3.7518504992104056,3.78391984006936,3.8710752292794415,4.000715549485546,4.202441493875858,3.866244936609009,3.561579585401883,3.7680544754204375,3.7867184953372246,3.2556017037089093,3.2819794893859453,3.5417536617870837,3.2975213395437875,2.651777424138488,3.000080206146759,2.9845741608330116,2.6373602974868837,2.1657144889790145,2.2138758983255924,2.134443213936804,1.9145425883663172,1.586847258957939,1.8727403253094497,1.7555093784810314,1.335176601052132,1.024543333152705,1.0028137304489628,0.82230149516997,1.063912908099602,0.9071808137814057,0.728177663755155,1.0064822880952775,0.7028164697894278,0.6536542118336691,0.9384238826019071,1.0406992645754067,0.6008473212776392,0.8496757800035419,1.251554771329975,0.733814083116095,0.6483283675468416,1.0970457598307064,1.0512320691796126,0.6325568972267789,0.7564390758523172,0.9757430457906875,0.7535738433143588,0.5837625763776388,0.8990516957417268,0.9302448505646694,0.7517286599918348,0.7643738994645974,1.0237171438733548
2,0.39998122304501244,0.0,0.4662392620829991,1.1229568454175944,1.9658821537264637,2.4022712916552407,2.7549909663485086,3.1092586775508892,3.7395886142042682,3.7626093582772797,4.067560721237229,4.40744264861824,4.524873729728042,4.830839035984749,4.661671530329928,4.970099284157411,4.953949208773538,4.477166803378734,3.915622838908216,3.8839612615975083,4.075265976292826,4.010335804104283,4.276036637161818,3.917475063842958,3.6361387937349736,4.070572817126335,3.9281655046020805,3.3186348735144304,3.2201499460034184,3.5038295197527902,3.1899922866391988,2.771663993771432,2.783163646489174,2.712877137554656,2.1335628646199014,1.83425551819715,1.8986139484792237,1.853527223698529,1.5194461279989424,1.3457055995693834,1.567512630908891,1.3301529427678576,0.9850666166439459,0.888880836283762,0.8586137409135446,0.7283351793958802,0.9242662118443533,0.7551833502803753,0.6557078796451198,0.9496457850926097,0.514167373200467,0.5584702294712741,0.8146149947222225,0.8096828660261457,0.45436976746013574,0.6552621759511528,1.0038160609063411,0.5375672629343263,0.5319062786029282,0.8097447965940053,0.8611426105115572,0.47025225504453194,0.6152053550926638,0.8194545586616618,0.5737440193528166,0.49768902037154406,0.7271373563894065,0.7293900290326368,0.5581620237588294,0.660393796866575,0.7413359588452201
3,1.1334411243124616,0.4662392620829991,0.0,0.404536655654648,1.0995377739069434,1.9316054834308969,2.5428768216500526,2.8311084664455266,3.2411522024727724,3.5002975586625213,3.8620086803282896,4.278985350681136,4.677750900818156,5.110334199726669,4.746720063801082,5.062734965707873,5.1611456630713155,4.608474813872698,3.733731565133337,4.151600613140062,4.136657729662512,4.181963432277341,4.3916549430629495,4.0289761430962745,3.9122031860390845,4.320100875324715,4.160880355900333,3.5074384882991487,3.4983131719652976,3.7895143787398555,3.3793522933935543,2.7415570204044246,2.8192900698491443,3.008400196669883,2.235134279243112,1.8330015340571295,2.1250329817728932,1.9079711132488109,1.550045799778548,1.423312325086912,1.584485663174105,1.3178657450766642,1.0611753925234213,0.8792852711629715,0.9698932139549058,0.726602062038315,0.8730173076890008,0.7732520191393252,0.6512486875285359,0.8293329816908338,0.5588356708930777,0.5364532711794068,0.6911921792820556,0.8646611821884879,0.516353375261031,0.707870203900712,0.9425920638426724,0.6509549879419202,0.552127549932264,0.8533911719089123,0.8238966361065991,0.5601845408018338,0.6307604877822237,0.7977563186542155,0.6724156132444212,0.5863660885415306,0.7067543346535271,0.6918366947859428,0.7299564639581422,0.7233584711005375,0.7036188357476155
4,1.8054539878834837,1.1229568454175944,0.404536655654648,0.0,0.3734606099192413,1.1407491861795132,2.231781637202515,2.6537433453609856,2.9536624208604496,3.0334094776793354,3.563143405262769,3.9688013590250084,4.189531657539439,4.672095278060374,4.421850287510109,4.418099366812633,4.589566888904343,4.11464820781172,3.589030922005968,3.7611288642115186,3.9745587962554003,3.800901674813747,4.099370430781224,3.909662655871336,3.580714060618321,3.7407106055443653,3.8854014869871163,3.26657378330485,3.1930994310929575,3.4439992678976132,3.139729836877208,2.475819988730216,2.5352198952778218,2.5357247575981003,1.9572210295253418,1.664033331961104,1.8376899535519418,1.73784468483584,1.4301949765233803,1.2318717791633516,1.4699371127061642,1.2654564251231664,0.9824556202777833,0.914784559114151,0.9744910418807164,0.802282229484555,0.8608672396086139,0.7452377466575714,0.7137011612869778,0.8086980159060424,0.5313491034681479,0.601008017596475,0.7972411805980981,0.797582313991762,0.49037604354119185,0.6640373791983001,0.8827964032007106,0.5977723528383992,0.5956733092817241,0.7808897171886614,0.8511247078260179,0.5161444165796627,0.6920183125745322,0.8636601834906509,0.6685399270051242,0.5391488941419734,0.7272462008478683,0.7533450897243354,0.6661781127221464,0.6797643501563394,0.7521414163072352
5,2.601005668820286,1.9658821537264637,1.0995377739069434,0.3734606099192413,0.0,0.4304660885231007,1.1726373610739915,2.3340373347651404,2.5739416456210824,2.7948719413632475,3.3727020166709356,3.5054725385988834,3.8287256218928802,4.496502922266769,4.310833378177808,4.456093986452302,4.412753410561649,3.9858711847986807,3.5925114173099937,3.5377422717084412,3.7859072054772316,3.708373693056251,3.910261312894479,3.9393069926583006,3.53935388073648,3.6959240476045343,3.933820961478935,3.356741886232192,3.2528590704323816,3.5988153558692257,3.2947551415921534,2.6409786749504813,2.7645996133043154,2.760019454879594,2.0404382684867626,1.884338932159878,1.9747750921984228,1.7111454157716437,1.4197237008896726,1.298384997339977,1.535322359138354,1.1882545081288876,1.0254432538261065,0.8560735816173528,0.8580182979914092,0.719381560080717,0.8956514316284359,0.7906239323301122,0.6930581288895676,0.8385314337178811,0.5785232243211477,0.6058268700058497,0.8204792239778698,0.7560657034509892,0.4967797244656058,0.6920127894823059,0.9224593751100009,0.631486651217201,0.5635437525837562,0.8034497342984142,0.7934127447785547,0.49895561016907114,0.6412313463251467,0.7805820829241635,0.6385279698489824,0.491939287563458,0.7095337601517192,0.7006361279278179,0.6027421553977527,0.6353231339439832,0.6773620954075263
6,3.0655893740051927,2.4022712916552407,1.9316054834308969,1.1407491861795132,0.4304660885231007,0.0,0.4005012353686517,1.0125165389349366,2.297398004970014,2.633746132453238,2.85059646641536,3.1678181857718517,3.4282443829638263,4.24823473792626,4.137644180302232,4.2844075615553905,4.140984283287351,3.787363144355538,3.5822091310060946,3.3450559574988508,3.8424416667225763,3.6841016912860685,3.735394932280749,4.204872504967538,3.566152292301252,3.410379319296231,3.8952591556902805,3.505349695635583,3.266796762261047,3.4753138353672273,3.168045982334461,2.630962165996741,2.758807949806948,2.629132108532977,1.8826789681456488,1.6434725532847512,1.972362348113517,1.6581121055433214,1.2262774668806609,1.2487554758950605,1.5398404720150203,1.1250192834216586,0.9621444887999401,0.7995612258579577,0.8170157541590308,0.6981682486481361,0.8434707256033043,0.7652987347088986,0.6307569738992974,0.7835791746049449,0.5052642038663613,0.5322941240520946,0.7554031852344198,0.7219593727069947,0.45430441081266654,0.6130874419212,0.9087012834546994,0.5804839336866712,0.5457967234548549,0.7131029074518013,0.7760604189659239,0.4785044757783808,0.5911356867344738,0.7149157204202178,0.6116456886040582,0.49641002381629223,0.5899110455971901,0.6612444817264156,0.5705337249665828,0.6044063929125751,0.616685913307421
7,3.5734614522317516,2.7549909663485086,2.5428768216500526,2.231781637202515,1.1726373610739915,0.4005012353686517,0.0,0.40705747352173555,1.0896523040314186,2.324530774281434,2.556347047907951,2.5973808024576384,2.7492731456473187,3.6304120484916353,3.918720199272785,4.000900141222952,3.7848369316438824,3.1445262464906736,3.4894852622321855,2.7671407599727424,3.5202535849555394,3.640010125207146,3.5340364771578328,4.13992260274858,3.3158099940797334,3.0184466845986018,3.5375797067493155,3.198154149052649,2.8409889620972835,3.1730324274936144,2.947167707086602,2.541768794502834,2.5906345720218815,2.528010007334988,1.8079064322054619,1.5340189287697654,1.7845684388566505,1.5939036747360356,1.1519245264816593,1.1203962705740782,1.3401083237167304,1.0848018895108356,0.7995774539508974,0.7432315676238453,0.7215645740965365,0.6690576609772513,0.8554279222396209,0.6959995027138388,0.5663046279747396,0.7664585517191197,0.45733465890672914,0.4855708050116662,0.7261597597258683,0.6595890702909242,0.37034983386016324,0.5181021474918425,0.7542409008971275,0.47776976351008094,0.42884884649374194,0.6437961232431916,0.6238469185540483,0.3917125049514977,0.4836090018491469,0.6082849450565811,0.5562153164745886,0.41380446505299445,0.5016229984189051,0.5526311706495114,0.5528887430989923,0.51361139194635,0.5291693773103925
8,3.8956721499017095,3.1092586775508892,2.8311084664455266,2.6537433453609856,2.3340373347651404,1.0125165389349366,0.40705747352173555,0.0,0.40505393811634116,0.9694387020448823,2.2048902082304083,2.256177359790533,2.363784776080368,3.1719624756512776,3.3857994049066322,3.5740457209111187,3.47741097424983,2.8330253486103283,3.2638564867693267,2.709152068945756,3.44394696103443,4.087875222708515,4.424982769970918,4.3387792689612334,3.452232934340711,3.1521204426631595,3.864873968153419,3.244160279571712,2.812168962504998,3.033546504292229,2.881487024674943,2.313773096994444,2.2059203441049355,2.269521562041003,1.4945549660290878,1.273825694990573,1.4000886583305265,1.2384648749143505,1.0242708672995322,1.0146016096041175,1.086842606663666,0.9193420265635877,0.7630139047892426,0.6035239837675445,0.6615170573845341,0.5681144832475705,0.6896938303413764,0.6617377437601646,0.588262790645961,0.7431022901510881,0.5161455223418856,0.5041646958289369,0.624755442417054,0.5487484188951938,0.3861051700354353,0.49816565880593744,0.6557549144552223,0.4728042115286089,0.43973689783148573,0.6012029561213935,0.5499523443832202,0.4140757536006834,0.5086254120048997,0.5778174198832278,0.47655074160799343,0.3764176486292137,0.512196917212734,0.5119229653154316,0.47540654747753003,0.4503687307452574,0.4835431385174393
9,4.156220984740583,3.7395886142042682,3.2411522024727724,2.9536624208604496,2.5739416456210824,2.297398004970014,1.0896523040314186,0.40505393811634116,0.0,0.41290025631449884,0.9871902507905687,1.787840587162133,1.8585280418116752,2.7140235316065513,3.1822320469463325,3.4722926899949775,3.119807898016902,2.525086721986788,2.7447980501091727,2.6848392426766647,3.294420189462414,4.1321296641644185,4.200486705100886,5.083431116017543,3.8748719065070043,3.4124198927858163,4.534989067928337,4.164540663600798,3.116884407151367,3.4817316443130943,3.502797480996149,2.560205990026384,2.3826720387707603,2.384479011673767,1.699832195943707,1.1058213017712488,1.4220631366524121,1.2368041530150298,1.027788026336184,0.9551016352814553,1.0995649861376757,0.8946887795397267,0.5829404756822592,0.46524366871244055,0.5313083653526852,0.37033481177888977,0.6403910785073719,0.5351805142973624,0.4816558662117371,0.5937839833227644,0.40297211641597835,0.42319954924997505,0.4957687273981387,0.5081528919769286,0.3378931305154989,0.403694862888097,0.5761225061162081,0.4233941273439826,0.4060090242776759,0.49229881016097693,0.503076999208473,0.3683950491613507,0.47152355462030054,0.5470484989101208,0.4495780103390917,0.3827365282149799,0.4686223846747628,0.47527470527187665,0.41481767260798363,0.4602650339880388,0.5053568782350124
10,4.183351007283012,3.7626093582772797,3.5002975586625213,3.0334094776793354,2.7948719413632475,2.633746132453238,2.324530774281434,0.9694387020448823,0.41290025631449884,0.0,0.39110505192005784,1.1309331224396069,1.879089914319565,2.792929512475912,2.8770373203694315,3.5380213799684466,3.0555480634635757,2.2573073620769413,2.4792235476125253,2.3034853893791074,3.4601306342111195,4.277387109720059,4.112068333079129,4.9683604861258015,3.848405429432394,2.846408386837011,3.5537853701003277,3.5117621212193266,2.7090248290562204,2.646183750917886,2.7002340876622073,2.2382982284643673,2.17836068935726,2.148510739842523,1.1747614230142982,1.1485673454236411,1.3469436149487355,0.9687144209765509,0.7053815072557212,0.9238835287414388,1.0235313834867157,0.6926041335602054,0.5968768216341847,0.48644860957026687,0.5266128826216877,0.4952406066353085,0.6279740571542858,0.5778044336331316,0.497020250811929,0.553664516990779,0.41354314361457817,0.4068298958302432,0.6048375675692766,0.4719118612363512,0.351206618295735,0.3449693930663364,0.5440130768496719,0.37904564863408,0.35106258284112446,0.4264258519978055,0.5048918654215863,0.32113816007882684,0.3844564875352301,0.42662162514375107,0.39149449250443846,0.3278057561714661,0.36633834896012024,0.43594736166317405,0.4176057850723115,0.46868878873916014,0.5193100784760692
11,4.3396612012407685,4.067560721237229,3.8620086803282896,3.563143405262769,3.3727020166709356,2.85059646641536,2.556347047907951,2.2048902082304083,0.9871902507905687,0.39110505192005784,0.0,0.43067938188011196,0.981423647942231,1.5003562632143774,2.3379220172028687,2.4848124121916073,2.6058681526454737,2.0955967722432973,2.504351325096487,2.2288659606705843,3.648818311147627,4.264778072273166,4.299185561980413,4.09467380997492,3.210273947058616,2.6430972978821656,3.061945528029102,2.7637704613179856,2.24127692761629,2.38784404342613,2.1122711164252217,1.862360359622691,2.0797301464572833,1.8167511964565182,1.025058904972622,1.1488086515135836,1.1492838625380652,0.8492497798754615,0.7392311667317814,0.8579733444777223,0.7866176476582144,0.6448432906477221,0.6028944027930463,0.43938497787670844,0.6085532720277795,0.4530093207101074,0.5964788032793955,0.673674502256075,0.5454396194334844,0.46709474473728435,0.38570241320596277,0.4474670754111922,0.56246139573519,0.45195292573041657,0.308188617064958,0.4295107777459707,0.4740928981777708,0.3997243357269258,0.3550163874722163,0.48098716538167313,0.46996733325292245,0.3033147185672737,0.43156937551037977,0.44658446725240064,0.4058859317938628,0.3187851994697327,0.45438406839194684,0.4244054811178404,0.4463739728647698,0.44376088351307336,0.4991306067170133
12,4.444794755224483,4.40744264861824,4.278985350681136,3.9688013590250084,3.5054725385988834,3.1678181857718517,2.5973808024576384,2.256177359790533,1.787840587162133,1.1309331224396069,0.43067938188011196,0.0,0.36037159735212554,0.9176519477771681,1.6066406259654962,2.2713969323244245,2.5431160100739265,2.6069231480280974,2.244046897947761,2.7098065601277055,3.811601224031873,3.9531151681495733,3.693160321268751,3.695410854597886,3.410836307477229,3.122149244622976,2.8991546167138433,2.6222707279928974,2.4805557924602906,2.6944124485260743,2.203239266446883,2.1708779807965457,2.637112457990516,2.0666866930810577,1.1431250259236436,1.179781572431416,1.2987757336353254,0.9231376388928899,0.6759191565441259,0.6976898294696481,0.7770482929690343,0.6388503941492544,0.5329926651434981,0.47518613672842014,0.4930754239300689,0.4326165230367381,0.578192959454655,0.5832237233590709,0.4644770333069401,0.5312239311921156,0.4389730289042677,0.413943424009288,0.5244785850155094,0.45261838212984057,0.3459672160082003,0.3915356796447943,0.4920013375915368,0.40106106679568965,0.37580707973265076,0.4191409857220573,0.44610381977764213,0.3268809597752238,0.38606494350386145,0.41540834780671215,0.4163729637714038,0.34311345888740197,0.37455846907843415,0.40896739666790594,0.42184121589539214,0.42779286959130647,0.4246501663835982
13,4.38117266914693,4.524873729728042,4.677750900818156,4.189531657539439,3.8287256218928802,3.4282443829638263,2.7492731456473187,2.363784776080368,1.8585280418116752,1.879089914319565,0.981423647942231,0.36037159735212554,0.0,0.35811907940384763,0.8087167618405621,1.5305230286572635,2.3389018863316187,3.3535599305498844,2.5951005970114234,3.547212552119442,3.781933651337935,3.7431230864218143,4.065514614856465,3.733081098811875,3.411903966880762,3.574745643032941,3.5130298922860472,3.001594245579509,2.946575496708359,3.067911678739051,2.394600210570433,2.097398754611006,2.572602023308856,1.9354697538523582,1.2637556726643535,1.5276212889096072,1.66650097826964,0.9637847422253625,0.8173064196631659,0.8875189279332384,0.9226808127562787,0.6273664556840562,0.6050520594125687,0.3547106675863146,0.4272424461321048,0.3474897314538055,0.4142104191516619,0.4938631320860277,0.425237231763972,0.45747892136010343,0.38256276038576914,0.3700446452201728,0.4255972102278671,0.3970906902527266,0.33175108967498385,0.36761672510481797,0.4428590449340426,0.38120719626037786,0.39759020131570283,0.4644161036370003,0.48870553256148946,0.3664176603369874,0.4728680732110862,0.47917241042684333,0.4442738532691644,0.37220906714509755,0.4540601269555521,0.48323257133180786,0.4665024580776553,0.46005523632208056,0.41481717352331915
14,4.714963189764125,4.830839035984749,5.110334199726669,4.672095278060374,4.496502922266769,4.24823473792626,3.6304120484916353,3.1719624756512776,2.7140235316065513,2.792929512475912,1.5003562632143774,0.9176519477771681,0.35811907940384763,0.0,0.280055764079011,1.2568102361383617,2.2251639931045797,2.388026015340235,1.8523228292719072,2.2736774821317582,2.982317934469073,3.0541139090799025,2.786609112686485,2.5835748751164194,2.414473552357296,2.5265220919572045,2.4131595730166926,2.1400951510822757,2.4734560490839996,2.63013663389129,2.078424235459193,2.0099004106735765,2.5198549613299064,1.803774753685262,1.1321970006240174,1.2815023001393264,1.1809362780509376,0.8355119741494041,0.7515789177373342,0.7310074472081757,0.6247162598783649,0.5182796988924905,0.5236698965410256,0.37009694120829983,0.5051468805685361,0.3426249102638982,0.40201647828343773,0.5655275566277377,0.3578111947614832,0.40801065784977364,0.31796746019107835,0.3658541610772218,0.4602334243512672,0.31564659482619994,0.27546949780170576,0.38581451599813726,0.4462326364565563,0.34564491787734464,0.33373497088028214,0.45710904351050863,0.4228950984970842,0.3254027290938818,0.43139878914313545,0.4554619815079117,0.3758900822973541,0.37925168557143546,0.4497427377113662,0.4445631497644259,0.4897850408749204,0.4959487495772152,0.48161819556848623
15,4.658729319437104,4.661671530329928,4.746720063801082,4.421850287510109,4.310833378177808,4.137644180302232,3.918720199272785,3.3857994049066322,3.1822320469463325,2.8770373203694315,2.3379220172028687,1.6066406259654962,0.8087167618405621,0.280055764079011,0.0,0.318006863708832,0.8490471018783857,1.5262800831712535,2.1473232189795,2.1683192833162903,3.045593241742394,2.5629880616840826,2.6671395365822916,2.3901694815504904,2.420178887676771,2.3177998854955493,2.3365877686639864,2.129153414737829,2.1995443798274454,2.4908057723311305,2.0115559578725453,1.8538688594773447,2.294562489183742,1.8441441986644425,1.234979030872138,1.2561892798728906,1.3497422198162905,0.9785561055093666,0.6815173631620814,0.7252382205933117,0.7394708045876388,0.5194253466999309,0.4143947795598868,0.3062934920034869,0.3298678291295173,0.24145390879054404,0.42499887902855743,0.365350152063269,0.25034911204388,0.390313346515099,0.24824988012434887,0.23832246912713323,0.3783420107479193,0.33600578472055626,0.21260092387555535,0.3278501437126751,0.4643647908510698,0.2912541749525588,0.2810826675090951,0.4188774776605525,0.4982288582505228,0.2591561964981305,0.3611089538552886,0.49604395136061047,0.40822015606137163,0.2981024867664733,0.397497269858633,0.5242440259880784,0.42322361907855244,0.42421595649271243,0.5261922034617512
16,4.769138175866756,4.970099284157411,5.062734965707873,4.418099366812633,4.456093986452302,4.2844075615553905,4.000900141222952,3.5740457209111187,3.4722926899949775,3.5380213799684466,2.4848124121916073,2.2713969323244245,1.5305230286572635,1.2568102361383617,0.318006863708832,0.0,0.35466480393096633,0.7346212716372236,1.667756222962106,1.6473346682729235,2.3533221759616225,2.250244156952849,2.314133677673474,2.7214901831384477,2.2816273017440776,2.2610570318192686,2.4547765536113015,2.6773835522448035,2.5589723126503046,2.587623905941258,2.264300708937251,2.058326438339462,2.6540614596291765,1.792969460705589,1.1881153762307308,1.5059180911022665,1.4370458719895565,0.802000293104858,0.7437975089053683,0.7792602639757619,0.6552061811051254,0.43818678114775556,0.5023741149310481,0.3189530722837585,0.46695507032909317,0.310126947593979,0.4246663517590376,0.526297835592002,0.30641661026431477,0.43439403014264927,0.2755865942706884,0.3601413335824535,0.5015840915338615,0.37664838750214663,0.28036023935071946,0.4402546111058305,0.5800661385427398,0.3663256339765125,0.362535040210112,0.6083931013105217,0.5455797391861977,0.3237480197473904,0.4783634599022399,0.679777196126534,0.537045480941067,0.39659687677975713,0.5585354207750871,0.7033622977713222,0.5300993716893936,0.5774447418425903,0.7083036093466175
17,4.896632980508237,4.953949208773538,5.1611456630713155,4.589566888904343,4.412753410561649,4.140984283287351,3.7848369316438824,3.47741097424983,3.119807898016902,3.0555480634635757,2.6058681526454737,2.5431160100739265,2.3389018863316187,2.2251639931045797,0.8490471018783857,0.35466480393096633,0.0,0.5275240994596173,1.2028353147336595,1.3635320817456165,2.2147372742385008,2.1233787364236605,2.4066312395902987,2.1754635132299005,2.0197383020429682,2.1512023255256914,2.1585390649746294,2.0468049999695683,2.063031073082938,2.2842798856694544,1.9509318439854708,2.1510163113218472,2.2046960202948926,1.8635796934114057,1.1321012301234485,1.493329606430616,1.3380964729996234,0.7098637854259485,0.5877680925972187,0.6998195382278576,0.5565564948779373,0.3831704252680799,0.4450003504773603,0.26763863571337054,0.3280537610277476,0.2528606309829161,0.3791907708808677,0.4402286040200172,0.3077949414829521,0.35415592946406016,0.2883507599030222,0.32448416523365753,0.36861731562795336,0.3117215863155888,0.2567904520621431,0.3768443925480605,0.42463040036005983,0.3396104605917681,0.311135580524733,0.49260703662345307,0.46763231891208834,0.35747119335546224,0.45179935080574385,0.5302965339471829,0.462587299219676,0.4166947712229891,0.5213433999041813,0.524903117981339,0.5561472350388704,0.5206791640135668,0.5953912131963014
18,4.350352322122339,4.477166803378734,4.608474813872698,4.11464820781172,3.9858711847986807,3.787363144355538,3.1445262464906736,2.8330253486103283,2.525086721986788,2.2573073620769413,2.0955967722432973,2.6069231480280974,3.3535599305498844,2.388026015340235,1.5262800831712535,0.7346212716372236,0.5275240994596173,0.0,0.25910532134637415,1.1383193265822469,1.5212500187813014,1.686381979717563,2.1895165567504864,1.7110181255179535,1.8767690363743934,2.6101703620026355,1.9760347183204532,1.8001921572778512,1.9139861114292966,2.0578310176555514,2.015635352063828,1.7250282163313762,2.196179244867107,1.9008830319270362,1.3363561957112668,1.6449464909491758,1.5494573922385881,0.7476061333876123,0.5507686769340144,0.6548436343396528,0.4890955655849503,0.2953492550021957,0.31717928370789933,0.18127020410610256,0.23818536715378055,0.16584126914887612,0.2413704903048042,0.3248359104946702,0.20268182435028012,0.25022500791918667,0.22617467191220417,0.23956131381454718,0.2426119123693484,0.23347724637669154,0.16929966073623945,0.22956515641348382,0.2694085880442913,0.2347241783338622,0.20111422677442992,0.29444064890934696,0.326872116781025,0.22363638459509222,0.2891462647709918,0.3832188545343287,0.3251097714542089,0.25044014986060165,0.3413700541839162,0.3905986232723064,0.4047552674827264,0.357221242666495,0.39951073053156655
19,3.7518504992104056,3.915622838908216,3.733731565133337,3.589030922005968,3.5925114173099937,3.5822091310060946,3.4894852622321855,3.2638564867693267,2.7447980501091727,2.4792235476125253,2.504351325096487,2.244046897947761,2.5951005970114234,1.8523228292719072,2.1473232189795,1.667756222962106,1.2028353147336595,0.25910532134637415,0.0,0.3112478863336214,0.7306347553556473,1.1586532278002546,1.314812613779835,1.3152868869050554,1.6183176232577607,1.6378256522408285,1.3572489183578937,1.5199789030341553,1.958154640452201,1.851381365547374,1.6157057293388801,1.7217725787271583,1.9609447752502152,1.7201283539669547,1.3739442065753689,1.7438736038462284,1.5418292465650274,0.6900234464072703,0.5186033675482561,0.7518888029834911,0.48174563344716426,0.31847910802785123,0.3170368301137944,0.2331426987755441,0.2533408296777693,0.18654309682591427,0.22859554019467423,0.28865512566366225,0.21474018594889707,0.43187396380856163,0.21211940445007554,0.21804206190623326,0.2928031996395107,0.2927377801653684,0.1341329746456207,0.26632573439387214,0.37013532274832406,0.20592217153555092,0.19497528953194668,0.3314633687321159,0.3701994786108036,0.2021177879208956,0.3440173839740245,0.46462789360069545,0.3806885596200891,0.26213883923382286,0.3767389527666595,0.45600249055885655,0.38969461559392543,0.4325719371702233,0.501445533069054
20,3.78391984006936,3.8839612615975083,4.151600613140062,3.7611288642115186,3.5377422717084412,3.3450559574988508,2.7671407599727424,2.709152068945756,2.6848392426766647,2.3034853893791074,2.2288659606705843,2.7098065601277055,3.547212552119442,2.2736774821317582,2.1683192833162903,1.6473346682729235,1.3635320817456165,1.1383193265822469,0.3112478863336214,0.0,0.2203129910922158,0.7101187376823538,0.8344169002871424,1.1535225263860809,2.18114416349001,1.7829055853498903,1.298766630359191,1.662546735495017,2.247675517590947,1.4021928452124421,1.2188183752448238,1.2979049191870695,1.3734429756822484,1.1785224152923703,1.0059072777609455,1.0484673888928602,0.8990162959638859,0.634563159585502,0.4108062394220415,0.4200615739455889,0.39646063593602143,0.29836172599471344,0.2791298722922396,0.18945888532976915,0.16395019374966083,0.1492746360503483,0.1846834121736619,0.23711343883106556,0.2228971318824033,0.28859319688376733,0.2136708529424135,0.1833823247861288,0.1963125734146824,0.23812124148471492,0.16278378697009147,0.1997956924616157,0.23281161034672146,0.1671606835375307,0.17527702183243915,0.22070743578532717,0.2253979667682155,0.1572579893463315,0.23002598999594254,0.28758417242266604,0.23918133999845503,0.20303425861866106,0.23685669051464991,0.31118820386843943,0.3213981133088139,0.29456855281785077,0.2900524338078436
21,3.8710752292794415,4.075265976292826,4.136657729662512,3.9745587962554003,3.7859072054772316,3.8424416667225763,3.5202535849555394,3.44394696103443,3.294420189462414,3.4601306342111195,3.648818311147627,3.811601224031873,3.781933651337935,2.982317934469073,3.045593241742394,2.3533221759616225,2.2147372742385008,1.5212500187813014,0.7306347553556473,0.2203129910922158,0.0,0.363486944932779,0.6765202084974088,1.104554183610877,1.78739693176474,1.0567981436317797,1.0849876704504773,1.1991741573763917,1.105620859673242,1.1229880369826053,1.054388257180938,1.1549310829370572,1.3198374383481837,1.2520843968446176,0.9629690091276666,0.9674425188334798,0.8331633100561571,0.4202432053237294,0.35285506327822974,0.30778829616471876,0.30013173329721504,0.26332578840823506,0.256292193622997,0.16601235593467673,0.1872632263284158,0.1175068694406776,0.23329522343903472,0.25517527270148527,0.1468730598923022,0.22637895708646,0.17650955734724483,0.1788123198789046,0.19448717284251157,0.17994568525671192,0.1371234260308107,0.1730697532055271,0.190644068590243,0.1667975645752608,0.17373028576952407,0.19551713526483788,0.21380342039758912,0.17337267849479557,0.24660716942973346,0.23990914142908126,0.24640375155720465,0.2282210712964351,0.27176286414165923,0.2922381934837306,0.3008120803058139,0.3277994570044803,0.3702747643728809
22,4.000715549485546,4.010335804104283,4.181963432277341,3.800901674813747,3.708373693056251,3.6841016912860685,3.640010125207146,4.087875222708515,4.1321296641644185,4.277387109720059,4.264778072273166,3.9531151681495733,3.7431230864218143,3.0541139090799025,2.5629880616840826,2.250244156952849,2.1233787364236605,1.686381979717563,1.1586532278002546,0.7101187376823538,0.363486944932779,0.0,0.27860147590802387,0.8980043382457955,1.532488150549359,0.7791560250780961,0.8462043209687881,1.1057848213580705,0.8810380667485677,0.8086046578471023,0.9082656642184503,0.9281287680380282,0.9389461329201136,0.7811131150453059,0.737961350951297,0.7857242650256329,0.557937308801765,0.4244724296822651,0.30395182058885656,0.24009427666399186,0.2617724591108421,0.22335429420329247,0.18651226914785715,0.14310092140888625,0.11244897401603525,0.11333505085054395,0.1717842732230502,0.23238758051624167,0.12355416398085763,0.19072462076080335,0.10978450030151796,0.1627784308579442,0.15177757474014233,0.14746499136071908,0.1293899413051472,0.14442257456215785,0.17131073950145573,0.16664714528374308,0.17262482967179693,0.201811502503418,0.17952314019177332,0.14672837711496878,0.18763428636071844,0.2216141958513054,0.20754011948920323,0.21012598155829856,0.2140877837341189,0.2746092408670481,0.28683596779134746,0.27594323956217615,0.27268583461114304
23,4.202441493875858,4.276036637161818,4.3916549430629495,4.099370430781224,3.910261312894479,3.735394932280749,3.5340364771578328,4.424982769970918,4.200486705100886,4.112068333079129,4.299185561980413,3.693160321268751,4.065514614856465,2.786609112686485,2.6671395365822916,2.314133677673474,2.4066312395902987,2.1895165567504864,1.314812613779835,0.8344169002871424,0.6765202084974088,0.27860147590802387,0.0,0.23976054663187496,0.39012957943998483,0.6584415981870168,0.7752590045218477,0.6070299835551882,0.6581027314102994,0.7497559799797696,0.7743120017899313,0.6761377780340142,0.779163297357259,0.8147018133759801,0.7514472641740902,0.6342232142260829,0.7048226377453135,0.470108280687757,0.3540538215655366,0.22030338373854338,0.28423737212792105,0.2802059692084838,0.22617781859434394,0.1630705602902303,0.180371466466212,0.12485406467978288,0.16266627465263672,0.24775238681033265,0.17574756169763517,0.18730856673586813,0.18338057473150535,0.19857097614127792,0.128947618659089,0.13953255571575296,0.12867294930615522,0.15436008076456526,0.14387567865771816,0.16602021475651282,0.15412112396494587,0.1767407099734349,0.14604267230817247,0.14907071024635,0.2062111524302428,0.19826319295781147,0.18974397726417908,0.1855319541427662,0.2026898954925809,0.23955189076440572,0.25527933365471117,0.2608295220376937,0.27784306891060506
24,3.866244936609009,3.917475063842958,4.0289761430962745,3.909662655871336,3.9393069926583006,4.204872504967538,4.13992260274858,4.3387792689612334,5.083431116017543,4.9683604861258015,4.09467380997492,3.695410854597886,3.733081098811875,2.5835748751164194,2.3901694815504904,2.7214901831384477,2.1754635132299005,1.7110181255179535,1.3152868869050554,1.1535225263860809,1.104554183610877,0.8980043382457955,0.23976054663187496,0.0,0.20326792214353825,0.34099723902418677,0.7033204585504942,1.0124778235299943,0.6327245984006789,0.6257640324744537,0.8388347943814466,0.7464844370105833,0.8160918915469373,0.7614735758976335,0.7465997223402174,0.6733193154169957,0.6136167076647692,0.6194332579968931,0.4529432481511738,0.2863395493249159,0.30647530404623946,0.29609222940572427,0.24480034528433786,0.16605542842653845,0.1602725429010294,0.13914371012406054,0.20434486762142234,0.2040394513769719,0.1455068981526057,0.22707994095386538,0.13334960494462386,0.1614687709318083,0.1816000342759501,0.15919426968310874,0.13497035849874064,0.13723340690709357,0.2058620837364663,0.15327719151181776,0.17751990863944456,0.18876704085243878,0.1862434231736467,0.15328363164342748,0.19371030873711173,0.22390493059755182,0.21545567592864098,0.23390651835074683,0.21542066230344006,0.25434092170083406,0.27721093092574184,0.317902796977363,0.29425508195560385
25,3.561579585401883,3.6361387937349736,3.9122031860390845,3.580714060618321,3.53935388073648,3.566152292301252,3.3158099940797334,3.452232934340711,3.8748719065070043,3.848405429432394,3.210273947058616,3.410836307477229,3.411903966880762,2.414473552357296,2.420178887676771,2.2816273017440776,2.0197383020429682,1.8767690363743934,1.6183176232577607,2.18114416349001,1.78739693176474,1.532488150549359,0.39012957943998483,0.20326792214353825,0.0,0.19906480222712022,0.3079433582608204,0.7014548946712942,0.6891336826055392,0.5646645628894321,0.605497752512949,0.6250298498528296,0.683038199269236,0.607347889585815,0.6303891977367316,0.7351355931718059,0.6485466106936753,0.5908722475246345,0.595827658152727,0.3943164809031974,0.3241878844493474,0.23653718003160784,0.20905140403648784,0.18444071879225551,0.14267364065103644,0.1198301588270371,0.18228468302613682,0.2066647929660664,0.17011882417557928,0.2680973275247615,0.18718587218047386,0.17428642857462856,0.1681950694863309,0.20198047422752885,0.15054899115341175,0.15615295137746127,0.19010949579677008,0.16161053567990893,0.1653392277989827,0.19798516950574166,0.21534734883206022,0.14665054280256365,0.22434100580427493,0.2347221028128714,0.22177395781328413,0.20043540649169897,0.22396886378071276,0.29570678047420335,0.26225490677199736,0.3268259166782338,0.39126042465494276
26,3.7680544754204375,4.070572817126335,4.320100875324715,3.7407106055443653,3.6959240476045343,3.410379319296231,3.0184466845986018,3.1521204426631595,3.4124198927858163,2.846408386837011,2.6430972978821656,3.122149244622976,3.574745643032941,2.5265220919572045,2.3177998854955493,2.2610570318192686,2.1512023255256914,2.6101703620026355,1.6378256522408285,1.7829055853498903,1.0567981436317797,0.7791560250780961,0.6584415981870168,0.34099723902418677,0.19906480222712022,0.0,0.20377373545079075,0.3079964515926223,0.5431485811263567,0.6149671810833703,0.53453206902624,0.468846358469565,0.7110445013564274,0.6392973281927437,0.5681647940549018,0.5486026886377835,0.654901380805276,0.6442363540879675,0.5286256460673171,0.5306533197926707,0.4157805721852466,0.2291977636048472,0.14599859800335643,0.1706830859338147,0.16764343926676933,0.12628857533499002,0.16099058705915492,0.2393712013476931,0.17086407279532087,0.18789905877598573,0.18361185301034844,0.1979105554746264,0.13097883641206073,0.15275154163184065,0.13054198324930738,0.14218306826908836,0.1625104259865679,0.16696682854292597,0.1551041351501299,0.16703400601041923,0.19654764005366449,0.1817655939409981,0.2481769265308113,0.22384738627512493,0.20144098809785116,0.2502913411794723,0.2471554576768751,0.2778306239911775,0.33432237906021195,0.35548955326087434,0.32116188791125827
27,3.7867184953372246,3.9281655046020805,4.160880355900333,3.8854014869871163,3.933820961478935,3.8952591556902805,3.5375797067493155,3.864873968153419,4.534989067928337,3.5537853701003277,3.061945528029102,2.8991546167138433,3.5130298922860472,2.4131595730166926,2.3365877686639864,2.4547765536113015,2.1585390649746294,1.9760347183204532,1.3572489183578937,1.298766630359191,1.0849876704504773,0.8462043209687881,0.7752590045218477,0.7033204585504942,0.3079433582608204,0.20377373545079075,0.0,0.19483659011314194,0.2827119539578011,0.5248188453264463,0.5539531157190022,0.42474225047729885,0.4713967630339955,0.6561627275847849,0.5455360787750375,0.4515674805243173,0.5248587757234531,0.6204174124350839,0.6209581889075217,0.5172846144394582,0.6131410459246032,0.39518167870143683,0.23917408195273027,0.18420176963939347,0.20562776295687787,0.135389263415644,0.20571734016729162,0.2670469681406654,0.16969509592864157,0.2227457493217366,0.18780689752839325,0.18282681053570593,0.15245071275820204,0.1740799922104335,0.14798157619871102,0.15072920831749334,0.1771248334423052,0.1736078855153776,0.1741859385517677,0.18042443647539275,0.18467447873024262,0.15357442005061023,0.1965142450221992,0.19615588321909208,0.16637261579751803,0.19332267353164986,0.17938046114111797,0.1889956978365279,0.2300788343470073,0.26578298400712713,0.23009439307493643
28,3.2556017037089093,3.3186348735144304,3.5074384882991487,3.26657378330485,3.356741886232192,3.505349695635583,3.198154149052649,3.244160279571712,4.164540663600798,3.5117621212193266,2.7637704613179856,2.6222707279928974,3.001594245579509,2.1400951510822757,2.129153414737829,2.6773835522448035,2.0468049999695683,1.8001921572778512,1.5199789030341553,1.662546735495017,1.1991741573763917,1.1057848213580705,0.6070299835551882,1.0124778235299943,0.7014548946712942,0.3079964515926223,0.19483659011314194,0.0,0.1848618018404074,0.2740553108225552,0.4835857030339837,0.475104665451736,0.4203262283088094,0.5105112728044178,0.5753783061144043,0.5235066251002555,0.47005481182641157,0.504240961473312,0.6164482656255404,0.537942495640977,0.5257190146255696,0.4830125182174538,0.24840022342089316,0.17558022602683077,0.14971031941253102,0.1500201471173605,0.20590018517531686,0.1895079295747964,0.195401542717562,0.25638342484514626,0.1910165107040377,0.1610977709427662,0.15566287564240483,0.18675244716602665,0.16484736084485718,0.16458100405105627,0.21219510226388644,0.1852118752497907,0.16593138191852505,0.20435295473996437,0.2099684614884236,0.17800850031980484,0.22236636664451714,0.2349385117000123,0.20550888736805706,0.21576904928565288,0.20852873954605233,0.22715979560083577,0.25553417041003507,0.2690613123114629,0.2706132403948735
29,3.2819794893859453,3.2201499460034184,3.4983131719652976,3.1930994310929575,3.2528590704323816,3.266796762261047,2.8409889620972835,2.812168962504998,3.116884407151367,2.7090248290562204,2.24127692761629,2.4805557924602906,2.946575496708359,2.4734560490839996,2.1995443798274454,2.5589723126503046,2.063031073082938,1.9139861114292966,1.958154640452201,2.247675517590947,1.105620859673242,0.8810380667485677,0.6581027314102994,0.6327245984006789,0.6891336826055392,0.5431485811263567,0.2827119539578011,0.1848618018404074,0.0,0.16775473628763132,0.25086627249921806,0.41829296009811345,0.4063249719255265,0.41999470217635665,0.40719382723477077,0.4930497481582362,0.46161780614839326,0.443747007451712,0.5094414677135419,0.5594383034121393,0.5161691121065943,0.5250312041918297,0.510160632265612,0.19664491334514195,0.21484188807798038,0.14278399052754034,0.20270478273152287,0.31241338232426663,0.19612705663470373,0.3437389739616866,0.2375804576817711,0.19950031012554773,0.25409786411419016,0.27535472082225515,0.15981573762960255,0.205615474056032,0.2836549198427976,0.2061127514092763,0.19446173279055914,0.3118285252142709,0.32607891607445205,0.19707335119265948,0.24531399389514302,0.4055718156509106,0.24086981928874412,0.21501476617571655,0.23081089256885734,0.3064432623371344,0.28119678924911146,0.3098906854686345,0.3082103988490286
